100.000 9.298 125.202
100.000 438.242 54.775
100.000 587.955 30.074
100.000 354.197 11.217
100.000 414.756 3.076
100.000 572.852 567.698
100.000 251.851 597.987
100.000 302.404 560.565
100.000 204.960 560.770
100.000 382.538 550.635
100.000 353.387 545.454
100.000 175.420 530.374
100.000 575.339 534.000
100.000 489.406 533.863
100.000 405.577 521.242
100.000 442.112 518.136
100.000 356.489 516.673
100.000 157.991 511.821
100.000 572.297 504.686
100.000 336.822 494.171
100.000 473.737 489.248
100.000 212.477 469.963
100.000 267.151 468.661
100.000 244.730 478.397
100.000 575.035 456.273
100.000 445.161 431.003
100.000 401.915 430.613
100.000 551.118 421.422
100.000 208.913 421.339
100.000 535.292 411.106
100.000 218.356 407.570
100.000 380.635 408.098
100.000 190.983 400.515
100.000 193.490 394.538
100.000 3.596 384.639
100.000 483.245 389.912
100.000 355.325 385.345
100.000 199.115 382.078
100.000 272.867 374.903
100.000 75.492 336.214
100.000 288.478 379.556
100.000 354.931 376.039
100.000 113.824 374.726
100.000 202.443 349.500
100.000 10.946 356.558
100.000 208.093 356.827
100.000 377.535 349.235
100.000 210.383 339.240
100.000 577.434 337.261
100.000 412.127 328.365
100.000 355.492 316.015
100.000 284.531 316.839
100.000 4.663 298.393
100.000 202.848 294.931
100.000 232.019 314.913
100.000 255.882 289.898
100.000 298.510 268.942
100.000 567.282 260.857
100.000 411.731 258.902
100.000 19.992 250.907
100.000 208.155 249.042
100.000 403.381 239.058
100.000 326.926 229.215
100.000 479.994 228.297
100.000 573.842 224.713
100.000 517.342 226.299
100.000 374.001 221.589
100.000 123.249 214.648
100.000 167.152 216.173
100.000 501.877 212.322
100.000 66.742 198.378
100.000 224.907 196.810
100.000 48.285 197.865
100.000 565.321 194.622
100.000 571.121 193.570
100.000 366.147 194.501
100.000 201.042 196.904
100.000 284.087 204.631
100.000 516.447 189.558
100.000 378.847 192.098
100.000 27.216 187.288
100.000 264.841 196.184
100.000 532.631 150.701
100.000 558.317 144.429
100.000 433.551 144.849
100.000 5.815 595.966
100.000 355.125 123.560
100.000 504.276 121.993
100.000 140.618 110.142
100.000 449.272 109.714
100.000 205.379 105.820
100.000 414.296 98.105
100.000 360.914 72.157
100.000 349.376 93.263
100.000 352.123 79.433
100.000 471.143 130.642
100.000 477.782 94.402
100.000 279.259 90.161
100.000 283.192 118.601
100.000 492.864 86.942
100.000 167.785 83.691
100.000 487.955 76.167
100.000 134.400 61.299
100.000 542.872 587.901
100.000 239.491 54.792
100.000 32.469 54.799
100.000 569.575 38.753
100.000 290.772 576.098
100.000 599.000 567.501
