100.000 242.958 59.698
100.000 428.046 30.253
100.000 532.376 18.613
100.000 216.053 18.511
100.000 243.325 4.911
100.000 144.576 15.784
100.000 488.047 8.507
100.000 448.838 565.701
100.000 458.875 558.554
100.000 197.848 556.450
100.000 510.317 557.818
100.000 245.935 548.368
100.000 364.694 528.650
100.000 329.085 515.051
100.000 285.784 512.627
100.000 228.228 505.367
100.000 262.957 480.504
100.000 559.593 478.544
100.000 245.931 474.338
100.000 78.448 476.303
100.000 14.825 476.679
100.000 296.896 475.504
100.000 495.523 472.020
100.000 139.512 474.593
100.000 356.555 475.313
100.000 384.049 474.404
100.000 599.067 458.447
100.000 424.195 457.741
100.000 502.575 441.828
100.000 244.935 440.141
100.000 339.162 433.200
100.000 482.508 433.069
100.000 274.690 434.726
100.000 597.221 427.252
100.000 589.864 408.487
100.000 425.460 417.096
100.000 244.560 414.342
100.000 23.670 414.181
100.000 244.962 386.982
100.000 109.892 395.618
100.000 305.793 380.720
100.000 319.916 383.474
100.000 34.014 383.941
100.000 13.335 381.330
100.000 257.424 374.146
100.000 101.519 368.045
100.000 8.640 368.962
100.000 273.251 356.043
100.000 574.187 359.643
100.000 245.387 354.015
100.000 151.103 324.722
100.000 243.610 312.583
100.000 425.632 297.972
100.000 104.893 292.552
100.000 30.643 290.826
100.000 244.947 283.565
100.000 502.904 279.654
100.000 522.409 276.768
100.000 244.511 263.260
100.000 535.528 259.339
100.000 412.114 251.831
100.000 367.832 232.537
100.000 474.483 223.719
100.000 430.496 221.097
100.000 585.253 207.689
100.000 317.205 199.524
100.000 242.806 191.531
100.000 80.889 192.286
100.000 244.047 169.852
100.000 63.556 175.220
100.000 21.320 166.054
100.000 575.599 162.122
100.000 457.724 164.470
100.000 242.417 158.058
100.000 398.349 150.423
100.000 390.103 151.603
100.000 197.160 151.175
100.000 271.921 145.481
100.000 396.601 87.288
100.000 112.245 87.316
100.000 331.182 81.130
100.000 331.004 581.674
100.000 477.250 59.375
100.000 359.728 57.096
100.000 381.189 52.508
100.000 113.100 50.290
100.000 562.403 580.562
100.000 110.321 578.823
100.000 31.169 573.627
100.000 61.609 571.811
100.000 420.584 566.452
