100.000 430.917 6.553
100.000 487.544 10.943
100.000 342.286 594.318
100.000 594.181 596.987
100.000 390.373 585.250
100.000 380.687 579.246
100.000 193.058 561.469
100.000 463.570 531.126
100.000 556.939 531.140
100.000 147.399 528.419
100.000 170.586 503.957
100.000 550.651 449.952
100.000 199.171 446.817
100.000 77.394 450.040
100.000 490.810 422.394
100.000 75.078 392.570
100.000 585.437 383.223
100.000 555.438 372.738
100.000 193.923 373.403
100.000 530.360 355.366
100.000 9.381 332.322
100.000 573.330 341.352
100.000 194.017 333.007
100.000 380.963 325.026
100.000 60.255 296.299
100.000 340.296 282.046
100.000 120.221 282.944
100.000 254.945 279.222
100.000 469.945 256.686
100.000 39.797 261.861
100.000 528.613 250.443
100.000 422.189 237.220
100.000 235.587 179.716
100.000 58.099 170.032
100.000 339.976 167.068
100.000 92.668 123.858
100.000 12.434 126.851
100.000 578.278 117.764
100.000 338.777 116.427
100.000 73.962 104.581
100.000 226.762 86.288
100.000 573.460 82.888
100.000 399.805 65.493
100.000 576.044 58.461
100.000 469.111 58.906
100.000 22.239 58.544
100.000 355.176 46.532
100.000 275.493 41.221
100.000 69.794 590.112
