100.000 199.374 37.140
100.000 546.722 30.311
100.000 535.856 12.042
100.000 425.545 23.646
100.000 393.519 15.295
100.000 261.540 13.197
100.000 317.035 8.469
100.000 497.922 567.568
100.000 323.489 560.968
100.000 43.927 558.580
100.000 160.315 556.908
100.000 593.233 546.893
100.000 368.292 514.327
100.000 268.905 518.148
100.000 319.397 502.096
100.000 294.507 496.613
100.000 105.004 498.737
100.000 105.020 490.842
100.000 210.866 499.889
100.000 171.964 487.811
100.000 443.190 464.909
100.000 560.892 455.268
100.000 308.080 450.357
100.000 598.827 446.463
100.000 219.176 419.189
100.000 231.127 453.638
100.000 406.486 407.289
100.000 278.294 407.977
100.000 436.821 392.785
100.000 157.317 391.316
100.000 9.790 387.264
100.000 466.113 382.101
100.000 21.717 372.632
100.000 286.289 371.434
100.000 149.436 363.352
100.000 453.606 367.761
100.000 70.330 361.618
100.000 79.699 360.123
100.000 427.690 348.419
100.000 414.598 348.640
100.000 154.404 340.679
100.000 10.719 334.747
100.000 288.170 321.330
100.000 466.623 274.495
100.000 196.513 295.294
100.000 443.568 251.642
100.000 246.838 304.938
100.000 5.767 300.629
100.000 53.409 295.530
100.000 78.794 292.549
100.000 119.364 280.987
100.000 511.091 275.729
100.000 130.264 268.823
100.000 42.591 260.274
100.000 384.237 252.529
100.000 93.502 257.073
100.000 156.202 299.909
100.000 160.425 251.726
100.000 558.020 240.091
100.000 561.086 228.309
100.000 19.705 236.964
100.000 7.815 225.455
100.000 515.763 224.250
100.000 398.062 219.081
100.000 348.747 223.304
100.000 233.288 244.621
100.000 262.896 304.162
100.000 273.875 207.503
100.000 110.665 206.744
100.000 420.688 189.450
100.000 107.033 157.633
100.000 18.884 155.779
100.000 586.438 144.554
100.000 267.352 140.594
100.000 169.793 113.901
100.000 285.590 119.502
100.000 300.113 108.837
100.000 400.466 110.368
100.000 4.752 102.135
100.000 577.932 90.390
100.000 388.599 91.139
100.000 433.385 93.315
100.000 23.260 81.636
100.000 159.459 74.025
100.000 325.833 70.017
100.000 559.239 62.242
100.000 498.320 54.116
100.000 287.129 587.506
100.000 563.432 46.638
100.000 400.980 46.167
100.000 69.147 583.718
100.000 15.036 591.890
100.000 411.721 586.173
100.000 23.636 579.560
100.000 573.601 20.064
100.000 164.764 575.976
