100.000 325.414 31.203
100.000 507.950 32.362
100.000 483.441 10.550
100.000 97.478 3.939
100.000 45.462 556.918
100.000 449.335 596.082
100.000 562.283 555.101
100.000 279.892 553.590
100.000 454.791 542.556
100.000 56.911 540.492
100.000 353.059 521.655
100.000 381.460 523.403
100.000 18.995 519.109
100.000 246.701 504.300
100.000 150.989 493.507
100.000 535.517 491.044
100.000 269.398 488.804
100.000 549.560 469.177
100.000 538.273 453.095
100.000 219.506 454.113
100.000 346.194 429.935
100.000 482.009 420.399
100.000 568.111 418.462
100.000 336.814 405.694
100.000 581.797 382.631
100.000 552.903 378.633
100.000 239.078 367.404
100.000 486.297 353.844
100.000 519.610 350.627
100.000 569.916 330.743
100.000 314.973 327.111
100.000 476.693 320.324
100.000 368.004 318.297
100.000 533.109 292.637
100.000 257.524 284.014
100.000 184.190 282.548
100.000 246.917 267.746
100.000 590.531 274.492
100.000 305.369 271.489
100.000 68.946 274.404
100.000 157.899 262.831
100.000 442.671 265.341
100.000 17.701 257.670
100.000 233.713 253.266
100.000 313.260 248.670
100.000 465.727 237.148
100.000 477.971 227.237
100.000 531.618 220.785
100.000 430.179 218.967
100.000 229.572 206.213
100.000 454.754 202.793
100.000 485.576 201.285
100.000 111.324 176.625
100.000 85.394 177.457
100.000 381.637 176.885
100.000 493.733 158.963
100.000 521.908 151.013
100.000 404.236 151.827
100.000 264.316 140.579
100.000 205.411 146.898
100.000 378.187 130.408
100.000 242.842 147.767
100.000 30.947 110.454
100.000 479.565 101.625
100.000 116.820 102.781
100.000 39.897 86.557
100.000 168.541 81.268
100.000 190.811 64.956
100.000 503.840 59.838
100.000 323.133 58.821
100.000 319.466 37.024
100.000 180.528 587.641
100.000 453.664 572.958
100.000 573.381 575.131
