100.000 554.338 99.290
100.000 292.037 21.094
100.000 20.184 14.380
100.000 385.950 6.005
100.000 348.361 559.940
100.000 289.999 598.427
100.000 91.747 597.108
100.000 509.204 555.802
100.000 502.003 550.241
100.000 148.404 554.120
100.000 125.225 552.739
100.000 267.929 560.715
100.000 357.610 517.525
100.000 447.564 506.188
100.000 66.969 482.727
100.000 524.380 454.199
100.000 115.887 436.852
100.000 537.740 430.655
100.000 461.448 416.751
100.000 579.327 427.534
100.000 90.636 398.877
100.000 289.469 395.108
100.000 334.790 389.832
100.000 203.150 379.789
100.000 158.111 361.738
100.000 572.675 339.494
100.000 484.329 326.847
100.000 313.322 322.371
100.000 404.203 291.253
100.000 185.995 292.465
100.000 138.302 285.143
100.000 312.319 280.085
100.000 210.505 279.996
100.000 216.803 275.583
100.000 195.955 270.605
100.000 515.799 270.080
100.000 249.551 259.248
100.000 552.177 247.707
100.000 224.223 242.245
100.000 430.775 242.040
100.000 50.050 237.470
100.000 401.043 198.564
100.000 256.161 198.203
100.000 435.176 171.739
100.000 141.001 166.621
100.000 442.300 156.206
100.000 119.936 138.532
100.000 94.945 106.324
100.000 182.880 590.438
100.000 468.774 92.613
100.000 208.427 88.694
100.000 294.507 68.627
100.000 401.559 101.723
100.000 232.489 51.759
100.000 422.196 40.929
100.000 34.343 590.077
100.000 472.626 563.700
