100.000 525.138 67.746
100.000 375.178 38.813
100.000 494.904 27.968
100.000 431.101 27.427
100.000 237.942 24.420
100.000 268.948 10.569
100.000 128.744 11.964
100.000 156.674 10.452
100.000 523.647 568.429
100.000 357.183 598.081
100.000 364.809 591.661
100.000 196.949 597.504
100.000 571.484 530.349
100.000 150.414 504.466
100.000 542.638 484.834
100.000 253.261 465.857
100.000 70.113 443.848
100.000 412.759 442.912
100.000 584.198 435.395
100.000 434.611 434.412
100.000 448.947 423.199
100.000 101.594 396.610
100.000 308.481 393.515
100.000 574.040 392.488
100.000 521.403 385.979
100.000 507.223 376.348
100.000 537.528 385.145
100.000 392.018 371.809
100.000 490.002 360.530
100.000 78.520 349.585
100.000 445.728 325.712
100.000 431.943 315.176
100.000 452.339 317.215
100.000 333.294 313.914
100.000 506.584 299.781
100.000 269.402 300.170
100.000 387.983 280.761
100.000 380.798 274.849
100.000 399.890 288.955
100.000 42.228 291.002
100.000 169.388 287.449
100.000 581.281 277.772
100.000 235.090 275.348
100.000 273.006 190.481
100.000 285.346 202.734
100.000 347.655 248.849
100.000 322.715 229.710
100.000 302.905 213.683
100.000 354.921 244.117
100.000 498.587 234.292
100.000 280.334 228.541
100.000 274.002 227.733
100.000 253.632 224.741
100.000 421.790 213.963
100.000 63.977 208.689
100.000 591.671 191.369
100.000 257.680 182.097
100.000 356.500 180.906
100.000 355.706 170.015
100.000 324.500 182.086
100.000 244.562 169.585
100.000 118.609 169.031
100.000 91.484 165.492
100.000 460.432 158.126
100.000 231.168 159.859
100.000 98.198 147.556
100.000 339.609 145.707
100.000 596.215 141.217
100.000 309.395 130.773
100.000 186.212 125.785
100.000 420.860 119.755
100.000 363.946 96.444
100.000 258.435 88.921
100.000 168.528 88.262
100.000 276.303 81.942
100.000 363.920 75.879
100.000 160.601 594.538
100.000 147.975 593.892
100.000 477.701 47.331
100.000 245.106 67.107
100.000 143.113 41.621
100.000 558.206 577.760
100.000 509.342 572.098
100.000 71.174 566.892
100.000 197.597 543.104
100.000 452.643 49.507
100.000 454.458 545.695
