100.000 290.634 62.803
100.000 542.626 53.535
100.000 207.152 6.585
100.000 38.589 4.166
100.000 158.838 42.170
100.000 505.092 4.091
100.000 412.434 550.663
100.000 199.081 552.470
100.000 113.792 548.210
100.000 163.453 544.596
100.000 401.673 530.273
100.000 75.252 522.306
100.000 254.442 520.439
100.000 595.611 520.892
100.000 567.869 515.132
100.000 510.596 502.707
100.000 491.511 492.917
100.000 312.570 454.344
100.000 273.440 460.067
100.000 401.185 476.019
100.000 370.293 467.591
100.000 47.921 463.753
100.000 159.230 420.287
100.000 342.167 409.591
100.000 140.509 410.184
100.000 414.978 404.390
100.000 559.196 367.113
100.000 394.821 347.759
100.000 103.216 339.338
100.000 427.734 321.661
100.000 356.491 319.482
100.000 497.656 304.443
100.000 406.871 310.022
100.000 274.274 261.875
100.000 563.001 242.736
100.000 440.567 232.318
100.000 504.334 189.410
100.000 534.600 180.070
100.000 17.819 176.892
100.000 527.052 166.471
100.000 240.969 150.728
100.000 80.685 147.243
100.000 15.497 146.006
100.000 526.419 131.293
100.000 260.242 129.367
100.000 238.710 120.366
100.000 372.435 107.651
100.000 390.195 97.304
100.000 112.692 92.096
100.000 483.068 80.903
100.000 456.664 78.424
100.000 224.080 589.843
100.000 53.661 68.213
100.000 16.289 60.198
100.000 482.520 576.239
100.000 271.505 570.497
100.000 187.488 562.482
100.000 213.968 559.843
