100.000 117.686 70.660
100.000 338.443 55.200
100.000 314.171 30.007
100.000 442.779 11.386
100.000 317.014 3.353
100.000 457.705 560.788
100.000 125.042 497.864
100.000 402.136 494.602
100.000 527.555 474.760
100.000 97.551 479.548
100.000 267.715 436.525
100.000 62.047 441.438
100.000 583.679 417.701
100.000 352.587 416.406
100.000 532.727 408.728
100.000 472.076 404.790
100.000 18.974 404.268
100.000 135.055 394.716
100.000 31.038 390.938
100.000 498.030 362.360
100.000 385.440 331.318
100.000 50.566 326.813
100.000 121.558 302.273
100.000 37.208 294.298
100.000 227.826 289.309
100.000 530.520 260.927
100.000 176.026 261.488
100.000 18.911 259.342
100.000 368.769 250.234
100.000 485.484 247.801
100.000 186.122 242.767
100.000 278.911 224.908
100.000 345.123 226.314
100.000 562.419 217.441
100.000 28.110 203.884
100.000 200.565 197.274
100.000 182.884 192.526
100.000 434.205 193.800
100.000 299.936 189.409
100.000 112.834 174.720
100.000 558.093 176.211
100.000 535.502 159.345
100.000 169.812 157.228
100.000 196.345 138.161
100.000 265.628 115.300
100.000 591.099 122.384
100.000 88.015 98.478
100.000 114.579 94.171
100.000 419.199 92.822
100.000 547.065 84.261
100.000 292.315 563.236
100.000 504.887 569.833
100.000 313.863 57.849
100.000 63.460 38.762
100.000 173.155 548.522
100.000 212.007 72.253
100.000 75.213 559.206
