100.000 358.743 134.440
100.000 571.538 28.292
100.000 293.586 15.177
100.000 212.557 11.434
100.000 28.221 561.998
100.000 563.559 598.540
100.000 384.830 595.908
100.000 478.910 556.337
100.000 495.616 547.234
100.000 518.243 528.617
100.000 405.768 500.813
100.000 330.759 465.735
100.000 408.467 464.043
100.000 121.918 446.399
100.000 462.162 452.145
100.000 422.673 453.130
100.000 105.637 443.632
100.000 217.860 444.706
100.000 169.112 444.543
100.000 557.946 430.156
100.000 401.422 410.437
100.000 137.294 399.310
100.000 593.880 396.589
100.000 372.653 393.657
100.000 100.412 388.180
100.000 417.071 334.609
100.000 483.074 344.331
100.000 292.953 336.102
100.000 132.687 333.995
100.000 122.850 330.927
100.000 520.213 310.168
100.000 488.858 307.512
100.000 315.856 299.895
100.000 589.067 297.840
100.000 442.556 310.425
100.000 585.748 266.776
100.000 2.736 269.733
100.000 3.136 255.108
100.000 271.042 260.713
100.000 393.134 258.623
100.000 190.730 247.330
100.000 471.120 225.716
100.000 465.354 224.891
100.000 121.570 219.542
100.000 144.804 209.115
100.000 182.867 199.546
100.000 98.431 174.572
100.000 14.538 170.332
100.000 452.748 151.522
100.000 234.158 149.352
100.000 152.944 587.733
100.000 410.533 133.760
100.000 128.061 118.401
100.000 139.995 110.552
100.000 37.618 106.484
100.000 569.333 86.151
100.000 323.759 145.713
100.000 242.365 66.202
100.000 567.550 48.777
100.000 488.491 587.430
100.000 274.970 27.742
100.000 346.925 564.342
