100.000 288.309 226.315
100.000 475.092 30.833
100.000 418.692 90.736
100.000 458.776 49.492
100.000 527.418 33.304
100.000 60.900 23.652
100.000 475.012 17.454
100.000 303.026 14.520
100.000 358.604 19.675
100.000 497.829 5.181
100.000 468.621 554.551
100.000 204.542 596.771
100.000 15.454 593.254
100.000 128.111 543.320
100.000 80.681 541.386
100.000 314.755 509.849
100.000 368.880 498.308
100.000 502.106 498.187
100.000 215.940 465.475
100.000 130.875 455.006
100.000 539.736 451.882
100.000 589.346 591.262
100.000 245.626 422.670
100.000 490.755 407.262
100.000 540.768 406.531
100.000 286.268 393.369
100.000 85.991 292.024
100.000 3.102 396.998
100.000 91.182 373.034
100.000 471.942 373.664
100.000 265.250 357.533
100.000 244.021 333.865
100.000 563.447 424.336
100.000 274.236 332.629
100.000 548.981 316.969
100.000 296.129 305.848
100.000 380.565 268.166
100.000 358.842 264.263
100.000 241.385 258.579
100.000 86.240 252.166
100.000 587.754 263.535
100.000 528.499 251.770
100.000 267.176 232.505
100.000 253.539 245.166
100.000 354.148 152.601
100.000 158.594 236.039
100.000 114.700 233.544
100.000 336.853 225.093
100.000 458.498 222.072
100.000 357.651 218.482
100.000 234.972 218.041
100.000 503.924 425.632
100.000 23.485 208.770
100.000 592.889 199.962
100.000 537.735 196.976
100.000 108.670 194.537
100.000 437.273 185.618
100.000 197.640 177.244
100.000 219.879 185.259
100.000 94.795 172.961
100.000 517.290 167.116
100.000 125.654 411.388
100.000 126.755 154.417
100.000 138.179 162.858
100.000 97.069 152.267
100.000 64.781 143.458
100.000 527.834 164.506
100.000 433.745 158.506
100.000 26.116 157.798
100.000 259.763 145.827
100.000 492.306 145.672
100.000 318.093 140.155
100.000 351.529 132.672
100.000 507.459 154.128
100.000 417.477 123.761
100.000 579.093 579.644
100.000 392.452 118.707
100.000 385.702 578.363
100.000 542.896 575.378
100.000 465.501 40.086
100.000 197.923 118.300
100.000 536.678 101.955
100.000 329.870 102.387
100.000 428.222 104.373
100.000 505.646 103.412
100.000 421.894 74.691
100.000 406.594 91.109
100.000 462.000 89.401
100.000 203.102 86.787
100.000 333.214 65.939
100.000 525.938 64.720
100.000 475.806 62.332
100.000 50.275 64.942
100.000 26.850 58.939
100.000 8.183 53.519
100.000 359.186 48.045
100.000 155.629 42.386
100.000 420.461 38.644
100.000 392.131 36.023
100.000 471.589 568.083
100.000 547.754 28.345
100.000 129.028 24.993
100.000 162.353 566.144
100.000 342.829 563.790
100.000 360.698 549.636
100.000 348.458 552.784
