100.000 56.056 58.456
100.000 280.503 46.169
100.000 323.418 21.851
100.000 465.180 13.037
100.000 213.337 12.909
100.000 152.028 8.071
100.000 415.094 580.250
100.000 511.385 598.542
100.000 287.812 597.686
100.000 213.911 594.424
100.000 150.941 598.327
100.000 65.672 596.843
100.000 48.810 597.367
100.000 262.869 567.348
100.000 357.516 574.071
100.000 286.165 567.505
100.000 588.903 564.450
100.000 514.388 561.262
100.000 449.119 559.592
100.000 414.674 562.568
100.000 310.330 555.121
100.000 388.967 551.535
100.000 296.124 553.091
100.000 289.430 548.207
100.000 272.791 548.996
100.000 211.317 548.418
100.000 315.254 538.861
100.000 326.864 531.739
100.000 319.510 520.641
100.000 552.495 532.865
100.000 470.713 563.547
100.000 123.836 538.554
100.000 225.534 522.341
100.000 175.997 521.502
100.000 556.020 514.388
100.000 335.796 516.367
100.000 534.565 507.683
100.000 480.765 504.446
100.000 266.872 501.857
100.000 557.988 496.391
100.000 398.788 498.975
100.000 241.229 496.437
100.000 15.097 499.921
100.000 341.023 496.009
100.000 411.579 490.428
100.000 228.732 494.149
100.000 54.325 492.986
100.000 531.545 491.389
100.000 258.052 491.797
100.000 318.529 489.546
100.000 234.858 485.627
100.000 124.679 483.906
100.000 569.154 470.695
100.000 574.049 475.365
100.000 427.465 479.311
100.000 134.498 485.962
100.000 231.607 473.164
100.000 66.620 474.351
100.000 278.449 463.173
100.000 361.234 456.901
100.000 520.529 454.844
100.000 270.125 443.558
100.000 25.368 453.298
100.000 587.026 480.918
100.000 404.926 443.757
100.000 180.405 442.073
100.000 287.001 434.876
100.000 154.275 439.542
100.000 342.664 432.526
100.000 393.278 429.242
100.000 273.610 424.454
100.000 258.174 410.453
100.000 304.589 424.678
100.000 292.336 424.700
100.000 292.724 419.986
100.000 54.838 422.092
100.000 359.733 421.163
100.000 507.647 412.569
100.000 90.468 410.834
100.000 495.414 405.158
100.000 347.885 403.509
100.000 302.275 399.301
100.000 205.373 399.824
100.000 152.003 386.908
100.000 75.317 393.406
100.000 59.019 392.881
100.000 98.970 387.906
100.000 244.130 389.964
100.000 531.307 389.365
100.000 2.789 387.605
100.000 428.192 387.877
100.000 47.985 383.105
100.000 525.562 381.289
100.000 514.160 377.369
100.000 287.367 373.921
100.000 461.952 370.845
100.000 42.745 393.053
100.000 84.310 375.442
100.000 418.005 364.171
100.000 334.536 357.299
100.000 65.639 342.449
100.000 430.288 350.366
100.000 254.507 348.659
100.000 107.725 349.365
100.000 195.751 346.235
100.000 50.556 343.786
100.000 139.281 341.248
100.000 564.855 336.773
100.000 553.989 334.258
100.000 276.771 338.932
100.000 363.233 335.711
100.000 524.191 326.178
100.000 296.758 315.824
100.000 431.579 318.718
100.000 185.895 321.221
100.000 6.365 313.387
100.000 339.503 305.703
100.000 555.519 302.675
100.000 519.297 301.560
100.000 527.612 295.878
100.000 53.587 320.504
100.000 486.245 290.371
100.000 326.616 298.736
100.000 84.720 287.574
100.000 327.506 283.495
100.000 300.418 287.511
100.000 335.138 284.910
100.000 437.765 280.797
100.000 284.355 279.841
100.000 334.413 276.557
100.000 355.129 272.161
100.000 538.303 271.296
100.000 507.281 269.537
100.000 280.728 267.514
100.000 591.961 265.933
100.000 60.820 266.661
100.000 47.880 256.855
100.000 48.983 244.970
100.000 253.978 263.403
100.000 209.971 262.857
100.000 113.459 257.732
100.000 37.074 280.577
100.000 521.330 252.726
100.000 243.002 248.810
100.000 595.338 245.523
100.000 309.248 249.800
100.000 197.905 252.044
100.000 387.020 246.683
100.000 85.414 243.001
100.000 185.805 223.502
100.000 196.457 241.004
100.000 394.765 234.671
100.000 18.371 232.898
100.000 69.936 230.253
100.000 554.600 229.306
100.000 473.973 229.893
100.000 332.008 228.163
100.000 13.595 215.972
100.000 580.466 221.720
100.000 516.171 220.112
100.000 66.553 219.811
100.000 348.880 217.042
100.000 341.968 211.257
100.000 497.276 213.841
100.000 356.739 204.863
100.000 345.986 202.013
100.000 270.390 197.806
100.000 148.458 201.595
100.000 377.163 199.117
100.000 594.891 193.772
100.000 510.078 185.293
100.000 521.121 189.660
100.000 528.272 184.252
100.000 320.756 183.891
100.000 283.952 188.613
100.000 122.733 186.316
100.000 461.713 180.758
100.000 87.386 224.166
100.000 306.671 175.434
100.000 432.215 170.603
100.000 142.773 168.182
100.000 147.913 161.815
100.000 134.764 168.700
100.000 388.312 166.724
100.000 569.753 157.953
100.000 575.077 155.806
100.000 302.505 158.340
100.000 230.503 151.334
100.000 126.331 150.389
100.000 189.507 149.476
100.000 534.890 143.232
100.000 198.982 133.220
100.000 443.786 142.430
100.000 255.583 141.733
100.000 68.352 137.375
100.000 199.951 141.595
100.000 351.773 138.631
100.000 292.750 136.822
100.000 404.108 132.980
100.000 300.646 132.624
100.000 181.810 126.773
100.000 459.654 124.541
100.000 164.478 122.311
100.000 29.672 112.323
100.000 92.098 135.213
100.000 390.699 142.404
100.000 150.687 108.140
100.000 48.533 104.025
100.000 362.136 100.725
100.000 467.553 108.647
100.000 417.534 93.599
100.000 113.426 93.669
100.000 171.796 88.482
100.000 378.462 85.781
100.000 239.052 80.243
100.000 512.388 78.318
100.000 502.047 71.800
100.000 425.333 73.209
100.000 255.597 595.244
100.000 348.074 68.562
100.000 553.130 70.187
100.000 85.484 66.800
100.000 476.353 55.606
100.000 383.236 62.269
100.000 559.633 54.801
100.000 163.890 51.693
100.000 435.289 50.833
100.000 386.183 581.852
100.000 201.825 45.370
100.000 34.483 45.366
100.000 86.113 42.634
100.000 2.801 39.504
100.000 295.103 40.091
100.000 386.866 42.746
100.000 358.533 28.720
100.000 516.546 28.547
100.000 546.228 583.609
100.000 420.174 20.668
100.000 406.044 20.592
100.000 325.329 585.878
100.000 112.144 583.288
