100.000 526.916 25.411
100.000 527.260 20.014
100.000 3.528 18.453
100.000 562.818 12.390
100.000 169.502 9.061
100.000 76.823 521.953
100.000 446.488 515.553
100.000 209.072 501.058
100.000 577.924 478.225
100.000 75.808 477.172
100.000 556.902 471.631
100.000 331.996 466.725
100.000 387.208 455.108
100.000 506.743 445.192
100.000 326.977 437.457
100.000 253.031 421.821
100.000 127.707 417.616
100.000 95.292 417.253
100.000 165.301 407.134
100.000 404.768 400.695
100.000 597.729 400.286
100.000 413.603 386.129
100.000 481.478 367.293
100.000 260.549 367.956
100.000 359.784 387.019
100.000 272.301 344.116
100.000 407.052 336.685
100.000 218.658 327.073
100.000 507.912 332.507
100.000 343.813 320.302
100.000 73.391 313.664
100.000 56.520 310.027
100.000 478.609 295.840
100.000 328.207 274.539
100.000 325.098 284.071
100.000 315.882 284.558
100.000 431.426 265.608
100.000 225.270 265.371
100.000 479.739 251.370
100.000 413.249 247.925
100.000 20.341 238.240
100.000 178.069 236.761
100.000 84.927 208.390
100.000 23.445 201.280
100.000 435.127 199.977
100.000 316.494 190.804
100.000 462.980 167.926
100.000 576.773 167.047
100.000 182.007 162.502
100.000 542.136 159.604
100.000 207.799 150.394
100.000 4.399 134.060
100.000 561.660 122.489
100.000 27.735 123.764
100.000 517.310 123.678
100.000 315.322 123.175
100.000 434.526 118.008
100.000 269.392 120.465
100.000 597.112 114.584
100.000 128.622 112.861
100.000 407.269 109.871
100.000 148.096 93.689
100.000 431.000 81.221
100.000 350.550 88.083
100.000 457.523 73.866
100.000 141.273 50.733
100.000 480.880 35.888
100.000 224.089 27.961
100.000 396.978 584.655
100.000 263.334 587.211
100.000 395.188 526.496
100.000 547.752 524.725
