100.000 233.362 31.568
100.000 595.187 13.328
100.000 264.748 16.802
100.000 295.719 14.091
100.000 479.059 7.148
100.000 209.200 17.614
100.000 31.227 4.099
100.000 409.773 566.750
100.000 344.315 596.048
100.000 569.549 572.413
100.000 89.921 543.610
100.000 462.139 542.383
100.000 198.790 531.808
100.000 184.667 535.453
100.000 385.129 516.676
100.000 7.359 512.818
100.000 266.263 458.974
100.000 254.592 483.548
100.000 78.842 484.245
100.000 333.408 465.879
100.000 301.503 460.162
100.000 328.578 449.019
100.000 205.603 416.436
100.000 305.175 428.034
100.000 325.837 421.890
100.000 120.799 425.452
100.000 266.432 412.646
100.000 56.407 412.614
100.000 404.583 410.144
100.000 330.279 385.831
100.000 266.744 382.805
100.000 81.237 368.650
100.000 350.655 365.103
100.000 19.294 364.100
100.000 578.255 363.782
100.000 228.217 372.619
100.000 154.187 343.618
100.000 283.589 335.854
100.000 318.592 327.656
100.000 144.040 305.221
100.000 258.000 293.996
100.000 93.093 276.312
100.000 254.052 234.080
100.000 23.964 206.185
100.000 21.436 218.971
100.000 38.548 202.207
100.000 298.540 218.866
100.000 56.235 185.393
100.000 111.963 141.036
100.000 186.032 93.309
100.000 203.837 78.282
100.000 145.122 120.741
100.000 166.548 105.297
100.000 560.690 158.884
100.000 227.082 138.538
100.000 496.052 123.246
100.000 579.895 110.787
100.000 341.477 107.642
100.000 41.919 103.145
100.000 12.289 96.276
100.000 406.792 75.193
100.000 465.140 73.223
100.000 243.666 62.119
100.000 242.717 50.117
100.000 213.282 55.007
100.000 381.884 54.782
100.000 382.546 593.731
100.000 319.285 36.080
100.000 276.397 586.620
100.000 488.766 589.323
100.000 305.892 588.424
100.000 289.305 573.881
100.000 375.893 570.800
