100.000 408.522 56.231
100.000 468.133 147.048
100.000 203.975 30.693
100.000 289.916 597.577
100.000 164.742 595.689
100.000 12.327 591.177
100.000 223.407 586.802
100.000 140.990 580.959
100.000 354.761 546.620
100.000 21.329 542.609
100.000 335.099 533.177
100.000 266.480 522.670
100.000 361.540 520.668
100.000 371.970 515.884
100.000 334.114 521.962
100.000 316.825 520.376
100.000 447.869 515.170
100.000 70.835 508.471
100.000 407.336 500.364
100.000 256.831 505.366
100.000 180.056 495.938
100.000 263.899 494.273
100.000 423.987 490.121
100.000 309.038 488.164
100.000 362.657 485.955
100.000 465.889 479.258
100.000 490.564 457.628
100.000 571.296 472.758
100.000 311.183 469.564
100.000 421.027 457.082
100.000 312.686 448.584
100.000 505.872 449.892
100.000 278.181 447.097
100.000 468.533 451.789
100.000 106.179 433.182
100.000 554.072 426.094
100.000 345.910 420.397
100.000 200.302 417.674
100.000 500.323 403.759
100.000 178.637 593.782
100.000 595.989 590.200
100.000 508.718 222.893
100.000 529.708 263.008
100.000 585.301 373.755
100.000 559.665 321.348
100.000 225.859 387.835
100.000 39.961 382.177
100.000 368.156 377.028
100.000 30.348 364.926
100.000 4.112 363.780
100.000 253.471 348.699
100.000 198.283 342.842
100.000 368.290 323.434
100.000 391.537 318.475
100.000 404.301 315.844
100.000 419.374 312.476
100.000 431.175 311.121
100.000 13.615 304.197
100.000 447.267 307.957
100.000 460.235 305.983
100.000 91.055 296.638
100.000 497.046 298.755
100.000 208.124 295.464
100.000 40.952 291.351
100.000 527.803 289.634
100.000 567.366 271.289
100.000 574.288 388.885
100.000 200.246 234.645
100.000 421.562 218.179
100.000 471.258 211.243
100.000 597.493 203.747
100.000 579.979 190.758
100.000 258.788 180.615
100.000 558.944 178.353
100.000 179.970 163.613
100.000 370.166 132.055
100.000 214.954 118.416
100.000 177.402 103.911
100.000 440.273 74.719
100.000 150.979 76.680
100.000 231.413 68.407
100.000 212.573 69.161
100.000 95.782 62.022
100.000 191.359 57.075
100.000 323.602 51.038
100.000 10.951 52.431
100.000 114.893 39.277
