100.000 538.029 54.757
100.000 469.535 23.895
100.000 372.190 3.248
100.000 437.750 582.227
100.000 349.945 594.461
100.000 15.007 598.634
100.000 7.695 546.787
100.000 595.692 541.792
100.000 497.843 535.573
100.000 289.291 527.516
100.000 100.728 516.863
100.000 164.502 512.230
100.000 201.211 536.273
100.000 531.610 493.462
100.000 326.164 489.917
100.000 99.919 485.421
100.000 170.272 485.047
100.000 150.940 475.221
100.000 217.919 450.355
100.000 555.305 467.760
100.000 33.199 461.490
100.000 87.025 451.128
100.000 458.832 453.918
100.000 398.435 448.270
100.000 376.273 443.189
100.000 327.733 428.744
100.000 417.849 407.802
100.000 374.217 399.039
100.000 592.932 378.404
100.000 215.669 350.211
100.000 159.230 352.541
100.000 177.500 331.869
100.000 341.691 329.497
100.000 11.109 321.636
100.000 181.501 286.575
100.000 147.774 281.862
100.000 63.870 268.168
100.000 553.947 271.756
100.000 55.050 274.568
100.000 478.306 265.712
100.000 269.812 258.270
100.000 86.641 253.331
100.000 332.988 243.227
100.000 229.994 201.444
100.000 464.952 192.253
100.000 509.328 189.673
100.000 3.183 181.499
100.000 12.171 179.007
100.000 284.707 165.891
100.000 427.443 159.737
100.000 106.941 159.767
100.000 334.833 161.667
100.000 355.076 156.464
100.000 265.342 131.049
100.000 198.057 125.929
100.000 226.740 119.553
100.000 487.190 590.142
100.000 119.575 70.469
100.000 269.959 49.974
100.000 243.942 581.008
