100.000 86.131 108.062
100.000 428.476 35.167
100.000 474.015 29.632
100.000 75.030 2.233
100.000 210.144 555.540
100.000 548.562 596.659
100.000 444.705 596.049
100.000 454.244 593.290
100.000 394.586 596.765
100.000 231.447 594.949
100.000 216.172 585.402
100.000 216.775 541.792
100.000 192.788 535.377
100.000 297.998 526.992
100.000 530.397 525.352
100.000 254.745 521.185
100.000 3.307 504.483
100.000 266.493 501.315
100.000 171.490 489.311
100.000 6.338 458.890
100.000 331.742 472.496
100.000 580.279 467.525
100.000 205.412 462.945
100.000 355.465 456.368
100.000 452.430 446.473
100.000 540.872 434.764
100.000 294.257 429.843
100.000 142.730 424.073
100.000 87.902 423.828
100.000 124.910 405.590
100.000 232.399 417.447
100.000 374.695 410.878
100.000 286.106 389.455
100.000 322.118 376.029
100.000 183.561 374.098
100.000 289.964 357.198
100.000 115.642 354.866
100.000 460.519 342.272
100.000 86.409 331.146
100.000 5.810 318.339
100.000 535.747 311.492
100.000 387.520 302.697
100.000 195.435 305.413
100.000 591.337 287.038
100.000 177.680 289.729
100.000 149.896 282.541
100.000 175.612 262.555
100.000 144.738 261.872
100.000 260.211 257.988
100.000 308.423 239.081
100.000 291.448 252.925
100.000 297.713 241.601
100.000 534.317 251.070
100.000 109.831 248.180
100.000 554.541 239.869
100.000 3.945 211.064
100.000 447.665 196.227
100.000 367.683 190.240
100.000 548.312 179.436
100.000 280.627 175.229
100.000 585.966 151.596
100.000 598.444 169.276
100.000 585.370 163.075
100.000 575.354 159.200
100.000 536.380 168.244
100.000 52.413 169.294
100.000 407.981 154.602
100.000 467.027 145.431
100.000 240.368 155.388
100.000 17.829 146.740
100.000 522.334 147.535
100.000 540.729 139.671
100.000 366.605 133.310
100.000 486.920 138.241
100.000 486.345 126.605
100.000 482.952 118.009
100.000 71.563 116.577
100.000 454.349 576.835
100.000 532.895 101.613
100.000 254.981 100.262
100.000 444.077 99.337
100.000 142.209 97.738
100.000 594.313 96.401
100.000 548.137 93.263
100.000 12.137 91.885
100.000 98.900 81.915
100.000 76.397 82.584
100.000 119.551 75.852
100.000 76.247 73.823
100.000 348.350 116.136
100.000 267.938 69.621
100.000 161.596 57.318
100.000 257.328 53.696
100.000 584.033 567.380
100.000 546.747 46.495
100.000 12.836 44.629
100.000 103.983 36.577
100.000 72.717 557.696
100.000 515.533 25.186
