100.000 79.456 38.562
100.000 87.007 9.495
100.000 141.442 9.405
100.000 195.139 583.074
100.000 508.308 598.755
100.000 244.922 596.143
100.000 236.103 591.533
100.000 160.573 564.187
100.000 524.843 558.865
100.000 341.433 564.213
100.000 480.949 550.309
100.000 556.533 531.196
100.000 353.226 524.247
100.000 568.609 500.721
100.000 319.952 509.372
100.000 153.212 509.258
100.000 203.395 493.218
100.000 430.967 481.342
100.000 168.904 475.610
100.000 311.367 476.214
100.000 236.360 472.059
100.000 205.264 467.823
100.000 18.019 463.914
100.000 494.821 466.452
100.000 434.237 453.332
100.000 102.708 437.688
100.000 563.972 417.346
100.000 211.174 406.275
100.000 318.399 404.755
100.000 495.135 393.530
100.000 465.122 376.911
100.000 270.399 368.528
100.000 248.698 365.600
100.000 498.334 364.452
100.000 262.123 346.829
100.000 375.062 345.838
100.000 584.368 334.359
100.000 182.395 339.323
100.000 299.250 322.557
100.000 119.061 319.686
100.000 456.800 314.381
100.000 425.863 308.680
100.000 397.836 304.706
100.000 403.560 300.914
100.000 131.564 300.802
100.000 585.691 288.140
100.000 156.588 285.757
100.000 458.648 284.178
100.000 564.091 279.226
100.000 373.745 274.850
100.000 349.576 264.193
100.000 480.728 252.834
100.000 175.849 241.392
100.000 21.484 242.121
100.000 300.940 224.966
100.000 501.599 227.348
100.000 570.385 222.926
100.000 2.742 228.170
100.000 542.404 225.206
100.000 417.418 221.405
100.000 459.267 206.138
100.000 514.881 199.418
100.000 186.257 186.238
100.000 272.470 177.483
100.000 117.746 172.000
100.000 179.071 156.313
100.000 57.651 162.649
100.000 584.022 147.432
100.000 237.709 146.774
100.000 53.927 144.207
100.000 54.768 129.404
100.000 137.043 125.471
100.000 485.471 120.092
100.000 558.632 108.097
100.000 210.176 102.552
100.000 259.424 104.704
100.000 544.891 94.171
100.000 429.643 94.414
100.000 410.439 87.981
100.000 449.354 86.236
100.000 290.219 60.367
100.000 274.343 61.726
100.000 479.886 55.583
100.000 437.983 585.490
100.000 148.221 29.840
100.000 327.951 590.762
