100.000 556.845 58.617
100.000 587.451 41.831
100.000 290.016 9.147
100.000 20.507 525.979
100.000 544.755 597.999
100.000 520.861 597.575
100.000 218.649 493.615
100.000 68.551 476.858
100.000 61.893 472.709
100.000 194.027 465.403
100.000 561.891 465.274
100.000 594.495 456.463
100.000 548.756 453.696
100.000 553.120 445.279
100.000 3.474 449.253
100.000 276.843 436.846
100.000 111.790 444.096
100.000 156.322 436.611
100.000 263.462 389.661
100.000 497.715 401.752
100.000 388.198 395.703
100.000 338.730 393.257
100.000 54.118 381.146
100.000 17.818 379.556
100.000 173.447 385.669
100.000 128.007 383.795
100.000 468.895 400.084
100.000 438.086 398.302
100.000 582.959 406.954
100.000 547.343 404.809
100.000 298.964 406.521
100.000 86.701 382.016
100.000 43.586 357.789
100.000 399.266 363.482
100.000 421.159 354.928
100.000 570.518 338.800
100.000 271.786 342.614
100.000 296.147 338.695
100.000 528.558 326.493
100.000 422.100 323.846
100.000 66.323 312.195
100.000 265.604 308.175
100.000 411.590 396.729
100.000 193.365 280.678
100.000 192.297 251.017
100.000 422.616 222.313
100.000 224.283 220.465
100.000 293.576 220.113
100.000 78.832 212.171
100.000 436.700 204.011
100.000 592.876 170.583
100.000 566.333 171.149
100.000 543.752 171.995
100.000 66.123 168.630
100.000 385.727 154.467
100.000 332.043 150.755
100.000 170.832 145.911
100.000 18.503 145.164
100.000 582.387 137.362
100.000 539.629 104.067
100.000 564.819 104.028
100.000 588.984 83.372
100.000 319.425 75.421
100.000 346.547 77.141
100.000 307.219 575.549
100.000 4.246 54.718
100.000 114.263 46.161
100.000 278.752 536.923
100.000 437.151 45.066
100.000 560.588 22.959
