100.000 341.471 9.082
100.000 217.881 10.122
100.000 335.338 565.166
100.000 103.863 546.284
100.000 32.504 545.471
100.000 245.144 536.428
100.000 516.793 529.556
100.000 236.379 521.967
100.000 14.823 489.363
100.000 203.864 483.822
100.000 476.441 475.901
100.000 73.355 480.689
100.000 388.003 466.980
100.000 189.633 460.761
100.000 332.534 452.754
100.000 522.124 448.834
100.000 29.333 434.947
100.000 109.325 412.519
100.000 483.038 410.559
100.000 333.865 398.722
100.000 178.282 393.541
100.000 574.921 377.452
100.000 431.630 372.643
100.000 487.849 351.488
100.000 509.234 349.121
100.000 141.985 345.251
100.000 19.863 329.440
100.000 333.051 327.873
100.000 333.402 315.557
100.000 456.055 315.002
100.000 300.506 315.839
100.000 372.000 314.964
100.000 188.084 315.958
100.000 394.651 313.084
100.000 260.745 314.975
100.000 491.143 312.137
100.000 442.265 311.463
100.000 142.197 298.290
100.000 304.777 284.668
100.000 512.571 282.929
100.000 3.099 278.909
100.000 589.346 279.150
100.000 61.434 273.726
100.000 565.043 275.646
100.000 371.656 273.936
100.000 472.219 271.213
100.000 338.231 269.803
100.000 444.938 252.979
100.000 232.686 227.814
100.000 405.548 220.651
100.000 95.541 216.494
100.000 313.567 195.223
100.000 448.248 190.282
100.000 477.353 144.256
100.000 440.615 146.352
100.000 130.502 136.628
100.000 417.689 115.758
100.000 64.293 100.488
100.000 355.864 58.737
100.000 477.535 51.308
100.000 304.260 27.820
100.000 74.603 574.003
