100.000 316.795 26.175
100.000 316.098 10.211
100.000 317.005 72.853
100.000 316.920 46.513
100.000 426.051 59.873
100.000 427.377 2.455
100.000 319.759 542.571
100.000 248.177 598.745
100.000 395.049 527.948
100.000 319.389 524.441
100.000 319.465 480.371
100.000 319.427 506.408
100.000 35.788 512.432
100.000 76.371 475.415
100.000 319.121 452.581
100.000 222.467 446.014
100.000 358.168 434.037
100.000 319.310 422.108
100.000 321.517 397.022
100.000 123.286 392.693
100.000 318.758 334.845
100.000 318.890 364.038
100.000 22.435 358.494
100.000 203.935 357.855
100.000 318.282 315.527
100.000 317.960 292.468
100.000 317.044 251.672
100.000 314.295 214.262
100.000 128.152 293.517
100.000 213.224 292.519
100.000 68.212 274.840
100.000 595.468 273.644
100.000 256.375 273.882
100.000 542.390 234.734
100.000 266.299 227.798
100.000 229.147 216.026
100.000 255.407 215.409
100.000 278.869 216.663
100.000 183.400 216.097
100.000 208.092 216.575
100.000 480.916 218.107
100.000 91.690 209.626
100.000 62.254 217.968
100.000 16.548 217.533
100.000 123.825 216.875
100.000 556.384 214.126
100.000 532.767 214.417
100.000 378.589 215.221
100.000 583.794 213.851
100.000 517.007 215.083
100.000 426.500 215.318
100.000 340.922 214.821
100.000 465.130 214.343
100.000 392.504 192.070
100.000 219.278 192.744
100.000 285.639 170.402
100.000 243.958 185.996
100.000 258.889 181.143
100.000 130.982 188.939
100.000 532.829 190.004
100.000 317.063 188.582
100.000 575.194 176.775
100.000 333.802 154.250
100.000 317.120 122.482
100.000 317.320 154.947
100.000 317.575 135.528
100.000 52.003 135.568
100.000 436.928 129.427
100.000 382.147 137.988
100.000 420.167 130.639
100.000 487.981 119.420
100.000 485.716 114.806
100.000 340.048 101.604
100.000 316.823 99.302
100.000 320.295 590.591
100.000 320.644 570.801
100.000 548.941 560.819
100.000 423.913 548.223
100.000 481.013 84.516
100.000 497.755 80.459
100.000 400.411 74.009
100.000 104.807 546.458
100.000 189.259 63.762
