100.000 386.089 31.205
100.000 212.348 29.252
100.000 163.692 12.155
100.000 378.424 568.581
100.000 214.074 580.622
100.000 416.995 571.184
100.000 288.304 543.784
100.000 100.855 547.781
100.000 232.834 534.968
100.000 79.194 545.136
100.000 487.628 524.684
100.000 501.375 511.826
100.000 552.742 503.260
100.000 586.415 502.255
100.000 416.181 489.614
100.000 443.421 490.745
100.000 258.796 493.036
100.000 38.724 489.763
100.000 334.442 482.831
100.000 56.393 462.023
100.000 28.113 460.519
100.000 42.213 461.503
100.000 87.345 453.847
100.000 82.799 438.902
100.000 4.366 432.059
100.000 410.282 419.771
100.000 458.174 422.480
100.000 31.712 420.826
100.000 50.327 397.327
100.000 295.866 393.840
100.000 452.546 387.531
100.000 255.961 387.922
100.000 346.377 380.027
100.000 511.989 348.582
100.000 311.317 342.801
100.000 288.169 342.216
100.000 520.606 305.962
100.000 480.376 303.809
100.000 48.305 278.199
100.000 3.575 277.680
100.000 231.055 272.689
100.000 454.806 272.189
100.000 62.065 261.253
100.000 88.076 253.657
100.000 301.674 238.693
100.000 278.373 226.560
100.000 252.233 188.940
100.000 451.466 183.672
100.000 496.960 177.849
100.000 154.569 161.764
100.000 321.551 151.032
100.000 77.231 180.504
100.000 124.215 92.599
100.000 348.416 83.223
100.000 566.012 79.052
100.000 299.343 74.544
100.000 472.715 68.894
100.000 377.775 64.889
100.000 357.236 60.440
100.000 504.678 50.380
100.000 565.077 54.626
100.000 522.904 51.536
100.000 476.112 47.958
100.000 411.266 48.791
100.000 429.586 44.493
100.000 326.682 36.154
100.000 566.990 582.443
100.000 591.537 31.047
100.000 460.341 574.781
