100.000 502.257 29.274
100.000 390.403 22.755
100.000 127.081 15.468
100.000 541.683 19.345
100.000 19.545 2.910
100.000 212.997 572.293
100.000 501.100 599.006
100.000 545.335 571.189
100.000 426.321 568.601
100.000 583.466 564.961
100.000 101.676 568.518
100.000 462.152 567.403
100.000 116.277 563.287
100.000 187.435 562.729
100.000 500.937 553.091
100.000 130.657 541.920
100.000 386.690 537.323
100.000 194.809 522.736
100.000 187.766 516.341
100.000 449.937 498.290
100.000 367.941 495.374
100.000 109.154 496.274
100.000 19.148 497.251
100.000 515.533 493.892
100.000 512.557 485.365
100.000 389.534 481.835
100.000 521.612 468.592
100.000 60.049 477.010
100.000 182.780 466.879
100.000 293.998 462.002
100.000 589.768 451.898
100.000 154.016 453.825
100.000 80.523 452.547
100.000 267.728 439.862
100.000 414.072 442.722
100.000 326.223 441.040
100.000 52.762 430.203
100.000 597.026 422.214
100.000 206.047 427.171
100.000 301.769 418.356
100.000 209.073 413.131
100.000 534.438 410.188
100.000 39.202 403.275
100.000 63.426 402.854
100.000 128.130 397.723
100.000 193.854 396.191
100.000 556.217 382.143
100.000 351.311 371.882
100.000 128.510 374.435
100.000 582.329 373.401
100.000 420.512 354.135
100.000 535.215 348.892
100.000 571.994 344.627
100.000 446.352 354.714
100.000 15.805 345.580
100.000 370.291 338.885
100.000 220.966 338.571
100.000 31.596 330.213
100.000 98.751 324.274
100.000 10.833 310.421
100.000 534.427 308.631
100.000 338.586 305.279
100.000 372.848 304.955
100.000 464.012 300.626
100.000 373.680 295.927
100.000 121.895 266.434
100.000 152.825 259.007
100.000 338.028 231.731
100.000 434.445 246.974
100.000 48.088 239.406
100.000 195.102 253.148
100.000 261.550 229.424
100.000 387.891 234.410
100.000 571.400 221.697
100.000 320.284 219.347
100.000 135.445 212.103
100.000 364.019 199.310
100.000 259.189 246.600
100.000 227.839 245.667
100.000 149.944 195.977
100.000 238.536 185.696
100.000 324.870 175.353
100.000 274.755 175.117
100.000 70.858 172.300
100.000 343.487 161.403
100.000 30.924 161.631
100.000 265.716 160.216
100.000 116.545 162.772
100.000 243.825 144.287
100.000 426.180 136.615
100.000 56.071 134.196
100.000 195.540 124.599
100.000 535.632 127.237
100.000 211.395 110.008
100.000 487.772 103.937
100.000 166.691 100.577
100.000 323.894 93.752
100.000 124.790 92.680
100.000 398.339 93.059
100.000 192.765 83.486
100.000 66.606 79.789
100.000 387.880 78.232
100.000 303.919 73.152
100.000 330.831 70.933
100.000 579.952 61.184
100.000 444.613 56.618
100.000 362.109 51.711
100.000 255.355 49.255
100.000 117.022 50.190
100.000 595.859 43.958
100.000 541.905 30.724
100.000 50.625 578.141
100.000 52.010 570.808
100.000 151.985 577.607
100.000 295.990 574.745
