100.000 563.528 28.237
100.000 2.058 26.465
100.000 298.749 4.812
100.000 52.726 541.825
100.000 63.894 591.210
100.000 142.551 480.941
100.000 254.872 471.315
100.000 225.563 455.419
100.000 234.641 442.140
100.000 56.122 437.901
100.000 473.821 412.980
100.000 102.436 406.766
100.000 59.342 392.786
100.000 137.071 385.839
100.000 361.074 380.668
100.000 379.011 374.894
100.000 446.897 365.098
100.000 304.475 364.196
100.000 14.001 361.388
100.000 133.576 360.410
100.000 168.486 345.146
100.000 335.929 328.440
100.000 127.882 331.696
100.000 496.848 328.917
100.000 507.146 293.066
100.000 209.630 273.220
100.000 465.557 259.077
100.000 334.166 252.281
100.000 451.759 251.009
100.000 109.503 234.757
100.000 540.970 215.890
100.000 173.634 207.205
100.000 205.843 190.845
100.000 166.331 175.860
100.000 320.653 173.850
100.000 454.591 164.053
100.000 553.083 148.519
100.000 178.213 145.326
100.000 334.370 140.334
100.000 383.427 153.919
100.000 416.166 133.166
100.000 389.219 128.660
100.000 133.374 123.770
100.000 360.871 124.750
100.000 489.669 115.305
100.000 288.364 113.682
100.000 579.270 107.891
100.000 270.395 107.398
100.000 223.975 109.232
100.000 163.596 99.016
100.000 28.559 81.265
100.000 229.679 72.931
100.000 176.403 54.775
100.000 347.951 56.359
100.000 72.045 54.292
100.000 298.957 576.523
100.000 468.860 567.054
