100.000 79.746 19.862
100.000 46.357 21.544
100.000 54.879 20.716
100.000 339.133 16.293
100.000 536.502 13.596
100.000 308.769 8.599
100.000 266.543 4.232
100.000 293.474 2.244
100.000 389.528 566.569
100.000 532.955 561.098
100.000 24.817 563.656
100.000 482.504 563.910
100.000 133.093 563.297
100.000 210.024 563.387
100.000 51.209 560.535
100.000 499.011 556.796
100.000 62.391 550.015
100.000 445.776 547.863
100.000 338.521 539.987
100.000 275.434 535.499
100.000 521.140 537.236
100.000 14.069 527.138
100.000 555.235 531.125
100.000 287.237 524.607
100.000 433.119 522.010
100.000 508.619 522.399
100.000 597.834 519.047
100.000 308.277 518.649
100.000 525.591 513.679
100.000 451.875 514.139
100.000 363.266 507.072
100.000 406.545 505.458
100.000 593.800 499.073
100.000 178.778 501.501
100.000 54.236 501.413
100.000 159.340 496.020
100.000 79.255 482.320
100.000 40.802 474.541
100.000 339.189 472.087
100.000 496.593 468.254
100.000 37.215 461.614
100.000 152.639 457.892
100.000 572.929 450.697
100.000 583.344 437.601
100.000 335.609 456.754
100.000 207.174 455.714
100.000 86.348 451.054
100.000 257.426 449.665
100.000 104.352 447.932
100.000 273.929 437.952
100.000 597.968 438.525
100.000 329.334 432.891
100.000 400.058 429.861
100.000 184.787 427.610
100.000 456.583 427.387
100.000 533.279 425.222
100.000 551.727 410.149
100.000 339.688 410.049
100.000 322.681 410.926
100.000 444.414 406.599
100.000 97.869 429.040
100.000 233.015 392.861
100.000 534.153 388.196
100.000 553.653 381.702
100.000 299.146 378.011
100.000 17.409 377.631
100.000 478.177 372.827
100.000 64.544 373.606
100.000 587.645 365.089
100.000 343.148 363.880
100.000 222.466 363.545
100.000 143.982 361.039
100.000 236.374 361.839
100.000 446.404 358.432
100.000 283.874 344.832
100.000 304.483 340.947
100.000 181.771 332.450
100.000 95.744 336.882
100.000 538.474 334.501
100.000 507.772 332.985
100.000 323.609 331.901
100.000 67.250 329.943
100.000 101.546 319.188
100.000 147.077 312.901
100.000 120.801 317.325
100.000 58.286 313.286
100.000 450.968 312.656
100.000 298.214 302.007
100.000 423.795 307.707
100.000 221.577 294.826
100.000 85.711 283.632
100.000 597.819 283.124
100.000 560.462 277.606
100.000 279.228 269.320
100.000 385.302 264.383
100.000 128.250 265.564
100.000 46.474 259.284
100.000 136.138 252.218
100.000 310.349 265.860
100.000 515.762 248.101
100.000 204.390 246.517
100.000 458.475 239.258
100.000 538.993 236.149
100.000 503.910 234.151
100.000 127.500 229.294
100.000 476.642 226.353
100.000 292.353 223.312
100.000 54.718 213.722
100.000 340.726 215.032
100.000 270.537 212.324
100.000 77.099 205.828
100.000 435.024 205.910
100.000 464.632 202.535
100.000 375.244 199.587
100.000 268.090 199.615
100.000 493.506 195.516
100.000 192.512 194.489
100.000 289.153 189.978
100.000 128.708 184.358
100.000 257.264 181.795
100.000 558.280 176.856
100.000 540.111 168.413
100.000 334.979 166.578
100.000 306.444 162.954
100.000 437.185 157.187
100.000 200.670 154.728
100.000 410.721 153.328
100.000 155.311 153.245
100.000 221.630 151.118
100.000 92.916 148.683
100.000 577.744 146.981
100.000 460.416 135.982
100.000 507.527 142.991
100.000 326.546 139.591
100.000 119.650 139.421
100.000 17.243 138.122
100.000 163.323 129.323
100.000 63.597 129.057
100.000 143.600 125.297
100.000 505.227 119.797
100.000 52.626 95.769
100.000 571.851 89.169
100.000 434.502 88.484
100.000 476.446 82.904
100.000 164.025 77.066
100.000 192.347 76.111
100.000 104.808 62.560
100.000 13.008 65.365
100.000 388.075 60.310
100.000 397.610 58.740
100.000 543.106 56.947
100.000 487.329 54.713
100.000 55.356 54.062
100.000 518.604 43.464
100.000 490.211 41.575
100.000 250.850 36.172
100.000 343.547 40.455
100.000 598.957 32.819
100.000 45.250 33.407
100.000 320.279 32.131
100.000 382.862 597.054
100.000 313.092 589.179
100.000 2.263 591.437
100.000 155.201 21.475
100.000 383.934 589.865
100.000 284.932 578.736
100.000 73.432 571.836
100.000 513.575 571.697
