100.000 302.124 35.090
100.000 302.913 20.483
100.000 328.317 19.827
100.000 207.019 14.929
100.000 110.678 13.064
100.000 68.274 10.694
100.000 150.729 13.716
100.000 241.815 4.158
100.000 457.731 6.796
100.000 202.120 2.982
100.000 315.982 542.146
100.000 576.385 597.200
100.000 207.445 598.666
100.000 79.302 543.296
100.000 356.231 539.847
100.000 437.200 523.003
100.000 265.414 516.345
100.000 5.085 513.375
100.000 579.003 498.340
100.000 161.254 506.886
100.000 422.959 507.345
100.000 131.513 507.603
100.000 95.149 502.804
100.000 273.896 490.962
100.000 326.988 481.622
100.000 550.334 473.074
100.000 88.244 468.622
100.000 195.347 461.272
100.000 66.231 464.775
100.000 314.788 448.969
100.000 475.531 447.140
100.000 349.255 446.019
100.000 222.677 449.041
100.000 557.961 439.952
100.000 12.220 456.750
100.000 539.091 434.322
100.000 369.707 434.070
100.000 471.497 424.303
100.000 472.614 414.026
100.000 91.923 413.161
100.000 325.305 410.300
100.000 305.169 428.339
100.000 44.833 405.788
100.000 179.626 404.575
100.000 547.038 402.788
100.000 144.395 399.829
100.000 7.610 399.946
100.000 158.471 398.518
100.000 242.970 380.126
100.000 469.239 379.816
100.000 420.495 379.792
100.000 117.422 372.231
100.000 77.195 369.777
100.000 21.499 373.497
100.000 553.075 363.283
100.000 92.678 358.100
100.000 475.177 356.981
100.000 243.994 368.147
100.000 63.717 357.023
100.000 51.881 353.805
100.000 172.090 352.626
100.000 81.785 343.895
100.000 505.098 337.567
100.000 91.413 333.300
100.000 371.663 333.743
100.000 21.772 336.128
100.000 593.522 332.145
100.000 170.015 333.015
100.000 283.749 330.952
100.000 201.305 328.140
100.000 390.743 327.818
100.000 256.968 320.930
100.000 103.136 320.910
100.000 531.606 302.748
100.000 56.464 304.548
100.000 259.732 297.563
100.000 439.389 293.309
100.000 550.909 287.867
100.000 288.322 284.359
100.000 75.129 284.745
100.000 367.191 298.510
100.000 169.428 277.846
100.000 468.395 277.230
100.000 121.414 272.657
100.000 454.507 267.758
100.000 227.377 262.375
100.000 192.424 260.707
100.000 368.921 258.880
100.000 329.300 256.889
100.000 469.596 253.733
100.000 298.675 251.943
100.000 122.568 247.882
100.000 101.079 248.564
100.000 255.295 248.845
100.000 109.113 243.585
100.000 180.358 237.338
100.000 19.071 237.360
100.000 340.682 231.729
100.000 31.593 232.577
100.000 309.874 233.394
100.000 269.040 230.678
100.000 72.699 229.664
100.000 110.106 230.316
100.000 363.786 226.922
100.000 92.564 214.302
100.000 487.510 203.791
100.000 183.014 203.397
100.000 416.749 197.850
100.000 242.450 199.244
100.000 13.503 196.733
100.000 220.838 189.113
100.000 462.288 183.140
100.000 567.994 177.313
100.000 287.144 173.349
100.000 58.068 177.186
100.000 265.871 176.132
100.000 415.768 170.750
100.000 118.353 166.429
100.000 86.182 155.115
100.000 141.997 154.679
100.000 427.734 149.197
100.000 433.811 153.217
100.000 162.792 151.299
100.000 20.757 151.069
100.000 363.275 147.748
100.000 442.494 143.248
100.000 521.808 141.747
100.000 290.462 141.108
100.000 405.739 140.377
100.000 118.149 139.970
100.000 206.632 139.580
100.000 248.072 132.373
100.000 89.605 135.534
100.000 182.263 118.070
100.000 97.885 117.380
100.000 115.291 104.237
100.000 408.566 98.328
100.000 453.125 97.737
100.000 153.203 99.350
100.000 130.722 96.873
100.000 597.048 93.785
100.000 378.356 93.049
100.000 242.669 90.768
100.000 251.591 88.702
100.000 326.851 84.142
100.000 142.676 70.563
100.000 369.869 67.539
100.000 351.157 66.618
100.000 87.680 60.544
100.000 292.641 56.180
100.000 209.807 65.077
100.000 364.596 51.680
100.000 194.935 45.906
100.000 97.554 43.944
100.000 463.717 36.432
100.000 427.668 595.219
100.000 334.069 39.316
100.000 322.612 38.512
100.000 497.853 33.471
100.000 508.332 29.829
100.000 24.483 23.630
100.000 119.521 585.454
100.000 208.994 584.442
100.000 171.595 586.702
100.000 62.531 582.078
100.000 39.753 581.898
100.000 365.508 577.349
100.000 252.303 573.344
100.000 321.456 597.519
