100.000 28.606 221.011
100.000 143.236 16.141
100.000 193.230 15.516
100.000 22.043 11.270
100.000 177.426 8.912
100.000 563.245 2.662
100.000 363.819 15.296
100.000 235.230 559.976
100.000 436.801 597.764
100.000 136.777 594.735
100.000 137.644 568.161
100.000 140.445 544.328
100.000 142.138 528.095
100.000 144.940 503.407
100.000 143.552 515.128
100.000 7.476 557.503
100.000 392.894 555.985
100.000 245.078 537.369
100.000 259.953 533.785
100.000 333.337 531.870
100.000 170.991 530.115
100.000 198.441 526.184
100.000 208.890 521.664
100.000 227.283 516.260
100.000 399.817 510.898
100.000 10.926 509.062
100.000 545.578 494.898
100.000 144.347 485.921
100.000 462.029 483.523
100.000 87.768 466.141
100.000 4.850 455.764
100.000 87.487 430.503
100.000 586.338 402.244
100.000 2.091 398.251
100.000 559.841 399.526
100.000 146.617 388.764
100.000 257.738 367.751
100.000 337.919 335.954
100.000 166.387 318.794
100.000 452.548 270.515
100.000 416.756 252.779
100.000 239.792 583.294
100.000 553.934 229.727
100.000 137.058 220.352
100.000 443.159 196.761
100.000 280.058 248.015
100.000 160.949 170.063
100.000 273.454 181.549
100.000 8.761 198.969
100.000 567.418 113.803
100.000 196.899 118.145
100.000 493.609 110.290
100.000 407.749 110.023
100.000 379.751 109.188
100.000 199.594 110.114
100.000 81.496 87.088
100.000 521.756 73.112
100.000 69.159 65.948
100.000 3.358 67.566
100.000 14.662 55.649
100.000 574.980 57.397
100.000 9.751 44.844
100.000 16.108 30.782
100.000 475.956 584.034
100.000 185.481 584.717
100.000 541.717 578.330
100.000 211.424 570.043
100.000 327.067 565.335
