100.000 7.714 10.982
100.000 187.935 1.994
100.000 428.660 550.734
100.000 118.760 596.936
100.000 146.912 545.695
100.000 388.275 533.156
100.000 578.218 531.962
100.000 279.680 529.381
100.000 250.176 510.794
100.000 64.420 500.039
100.000 527.160 494.957
100.000 583.572 472.152
100.000 106.113 464.808
100.000 221.857 465.572
100.000 358.264 451.946
100.000 590.740 438.009
100.000 239.722 424.183
100.000 538.730 408.192
100.000 284.025 411.298
100.000 327.371 403.751
100.000 332.124 403.103
100.000 444.916 376.382
100.000 457.007 354.990
100.000 509.180 386.545
100.000 77.736 381.631
100.000 55.594 368.316
100.000 110.520 341.277
100.000 215.457 329.514
100.000 218.536 356.044
100.000 551.297 342.919
100.000 543.275 304.714
100.000 451.536 305.448
100.000 472.885 289.008
100.000 356.283 279.478
100.000 8.444 266.989
100.000 361.293 258.033
100.000 315.649 258.167
100.000 244.400 238.488
100.000 203.666 238.708
100.000 445.452 240.080
100.000 401.085 236.234
100.000 288.091 234.408
100.000 132.971 228.289
100.000 357.714 213.889
100.000 223.960 209.089
100.000 47.000 205.571
100.000 100.882 196.955
100.000 245.570 194.997
100.000 177.481 186.795
100.000 379.549 167.818
100.000 380.588 147.035
100.000 157.572 129.836
100.000 96.200 106.102
100.000 321.861 98.916
100.000 221.090 101.126
100.000 555.823 88.586
100.000 383.515 76.107
100.000 212.215 36.461
100.000 314.681 23.549
100.000 213.736 572.333
