100.000 206.808 90.104
100.000 371.549 62.469
100.000 587.551 25.440
100.000 467.853 23.327
100.000 541.433 18.063
100.000 309.124 9.576
100.000 358.188 4.770
100.000 215.275 545.054
100.000 547.529 582.501
100.000 362.501 527.084
100.000 79.664 523.329
100.000 464.371 524.510
100.000 549.457 519.132
100.000 300.214 541.087
100.000 159.549 509.147
100.000 95.906 493.219
100.000 351.924 487.241
100.000 205.582 475.716
100.000 451.191 452.716
100.000 303.582 451.779
100.000 554.867 451.306
100.000 320.397 448.365
100.000 536.510 431.875
100.000 575.057 430.185
100.000 561.245 432.036
100.000 74.520 431.272
100.000 242.597 427.037
100.000 217.510 397.128
100.000 334.745 373.316
100.000 552.878 362.130
100.000 363.504 351.428
100.000 137.375 315.072
100.000 336.184 302.075
100.000 464.151 306.272
100.000 180.329 288.940
100.000 424.596 270.169
100.000 348.725 251.392
100.000 324.519 242.991
100.000 322.867 221.787
100.000 242.381 249.825
100.000 34.979 247.024
100.000 440.143 239.142
100.000 514.662 234.207
100.000 147.102 216.197
100.000 6.379 205.673
100.000 447.783 191.409
100.000 260.090 188.116
100.000 31.109 177.949
100.000 153.469 164.991
100.000 550.237 162.918
100.000 17.729 158.115
100.000 339.691 134.939
100.000 421.122 150.738
100.000 62.468 148.355
100.000 359.521 141.523
100.000 401.050 122.550
100.000 181.389 119.949
100.000 359.532 104.361
100.000 205.802 106.021
100.000 120.036 579.106
100.000 176.536 99.848
100.000 69.543 97.085
100.000 545.327 83.828
100.000 388.848 71.651
100.000 219.090 576.314
100.000 68.897 54.762
100.000 408.725 49.217
100.000 192.456 48.805
100.000 1.893 37.983
100.000 580.517 570.638
100.000 157.570 566.996
100.000 511.023 565.477
100.000 159.745 551.223
