100.000 147.723 45.327
100.000 329.214 29.416
100.000 183.273 8.720
100.000 514.689 32.279
100.000 246.822 1.726
100.000 303.049 553.871
100.000 554.433 541.408
100.000 517.943 532.281
100.000 335.278 513.383
100.000 334.472 526.875
100.000 402.697 523.672
100.000 294.989 521.904
100.000 260.238 518.151
100.000 457.147 484.624
100.000 172.145 480.488
100.000 333.535 469.478
100.000 368.898 444.774
100.000 178.009 431.003
100.000 452.726 431.783
100.000 529.703 429.326
100.000 333.182 406.328
100.000 178.084 421.365
100.000 250.300 415.081
100.000 333.411 393.995
100.000 156.781 377.887
100.000 432.239 373.480
100.000 280.003 364.567
100.000 66.921 360.711
100.000 389.602 361.130
100.000 335.353 358.442
100.000 161.737 356.768
100.000 26.163 336.489
100.000 569.751 331.995
100.000 503.406 333.536
100.000 187.435 333.015
100.000 165.766 291.706
100.000 594.098 289.465
100.000 172.897 280.364
100.000 524.498 256.840
100.000 311.942 245.338
100.000 332.763 239.986
100.000 332.489 236.488
100.000 276.419 229.305
100.000 552.875 227.261
100.000 22.827 225.305
100.000 220.220 215.193
100.000 586.988 217.241
100.000 429.147 198.894
100.000 429.469 217.599
100.000 418.644 176.899
100.000 335.172 161.411
100.000 90.285 85.517
100.000 164.809 82.682
100.000 369.618 71.796
100.000 32.089 45.264
100.000 334.806 575.747
100.000 359.921 564.558
100.000 313.014 563.417
100.000 442.204 563.144
