100.000 193.342 30.207
100.000 500.980 3.028
100.000 230.558 572.808
100.000 331.825 540.888
100.000 426.060 543.033
100.000 566.681 537.996
100.000 81.661 528.055
100.000 472.507 519.032
100.000 7.241 506.260
100.000 46.209 495.226
100.000 342.713 456.598
100.000 530.382 451.887
100.000 49.603 448.651
100.000 341.196 429.987
100.000 466.339 416.640
100.000 49.115 399.137
100.000 262.760 395.471
100.000 164.394 394.961
100.000 198.779 384.696
100.000 148.208 378.978
100.000 184.333 365.052
100.000 334.447 360.101
100.000 316.140 361.466
100.000 543.433 357.626
100.000 533.292 339.852
100.000 352.763 337.589
100.000 180.929 330.799
100.000 268.480 304.832
100.000 542.423 287.303
100.000 451.317 271.010
100.000 58.546 262.664
100.000 30.802 255.686
100.000 521.143 227.706
100.000 142.648 193.870
100.000 467.122 185.210
100.000 6.632 178.885
100.000 204.956 175.973
100.000 366.724 159.102
100.000 159.045 144.685
100.000 223.857 137.634
100.000 291.474 115.295
100.000 142.381 113.415
100.000 242.292 102.223
100.000 470.049 82.374
100.000 478.112 70.804
100.000 515.055 66.964
100.000 495.359 66.435
100.000 294.247 68.633
100.000 567.119 63.485
100.000 402.841 51.502
100.000 481.012 569.396
100.000 421.173 28.997
100.000 420.982 25.498
