100.000 595.605 20.279
100.000 541.621 17.326
100.000 264.461 13.610
100.000 473.596 10.328
100.000 37.092 529.412
100.000 52.906 497.665
100.000 399.496 474.174
100.000 472.059 466.177
100.000 332.979 461.132
100.000 396.199 444.501
100.000 244.338 441.051
100.000 275.428 382.741
100.000 432.603 367.578
100.000 137.697 357.409
100.000 58.159 327.476
100.000 542.550 299.179
100.000 146.463 291.839
100.000 392.132 263.972
100.000 591.863 261.309
100.000 395.330 213.585
100.000 219.448 187.013
100.000 546.473 175.272
100.000 366.817 161.826
100.000 591.219 166.856
100.000 123.969 163.108
100.000 351.248 138.990
100.000 445.474 133.764
100.000 133.291 120.342
100.000 190.457 93.802
100.000 596.177 73.003
100.000 346.195 62.803
100.000 493.405 59.768
100.000 157.391 38.123
100.000 51.420 36.483
100.000 444.737 588.765
100.000 579.619 566.244
100.000 337.579 552.139
