100.000 229.917 83.054
100.000 108.657 44.346
100.000 474.659 12.772
100.000 421.246 11.490
100.000 504.111 36.211
100.000 375.342 598.245
100.000 18.488 594.994
100.000 314.553 588.325
100.000 245.507 587.017
100.000 206.617 585.922
100.000 423.828 573.415
100.000 437.185 557.184
100.000 364.928 578.497
100.000 359.279 577.558
100.000 272.767 575.897
100.000 317.325 569.910
100.000 268.105 557.126
100.000 245.531 551.202
100.000 115.261 558.405
100.000 195.157 555.454
100.000 319.365 548.109
100.000 306.597 554.579
100.000 330.989 554.025
100.000 325.827 553.072
100.000 91.193 554.120
100.000 84.161 545.592
100.000 289.226 551.141
100.000 552.293 544.047
100.000 293.574 532.039
100.000 12.542 536.100
100.000 543.910 531.505
100.000 245.311 534.866
100.000 138.949 524.445
100.000 386.942 571.157
100.000 345.510 518.227
100.000 417.755 516.768
100.000 215.542 491.127
100.000 300.791 483.879
100.000 232.596 473.784
100.000 99.221 462.791
100.000 191.599 461.603
100.000 350.036 455.883
100.000 147.949 449.214
100.000 95.837 443.122
100.000 168.389 444.720
100.000 374.104 439.498
100.000 246.049 432.451
100.000 246.740 417.289
100.000 505.092 434.943
100.000 142.853 427.584
100.000 301.921 431.393
100.000 274.852 428.445
100.000 389.046 420.346
100.000 225.693 419.211
100.000 346.949 416.074
100.000 108.067 413.960
100.000 103.138 397.536
100.000 105.580 391.859
100.000 3.296 409.432
100.000 75.923 400.178
100.000 57.122 402.197
100.000 33.508 403.494
100.000 37.858 401.715
100.000 161.217 402.048
100.000 36.366 389.129
100.000 210.943 389.870
100.000 62.547 384.154
100.000 371.766 374.616
100.000 181.281 364.450
100.000 242.436 362.999
100.000 56.918 336.785
100.000 232.951 342.853
100.000 571.425 337.310
100.000 121.441 333.958
100.000 164.249 327.997
100.000 5.814 328.358
100.000 69.896 319.441
100.000 294.549 319.394
100.000 365.806 311.469
100.000 23.544 313.714
100.000 166.589 293.063
100.000 578.311 289.291
100.000 528.891 288.282
100.000 438.049 284.137
100.000 138.157 283.276
100.000 96.093 268.919
100.000 28.262 267.095
100.000 561.997 249.923
100.000 172.800 242.494
100.000 428.967 235.165
100.000 461.376 223.077
100.000 38.941 221.994
100.000 20.464 210.425
100.000 27.643 207.058
100.000 215.369 217.450
100.000 7.572 213.959
100.000 2.263 192.074
100.000 1.945 181.074
100.000 53.809 207.139
100.000 467.787 209.083
100.000 478.058 207.445
100.000 406.160 197.274
100.000 192.904 193.449
100.000 209.306 187.642
100.000 354.536 180.178
100.000 67.106 184.285
100.000 60.068 165.054
100.000 246.510 164.232
100.000 105.678 156.416
100.000 262.170 157.306
100.000 14.058 155.557
100.000 127.350 137.560
100.000 296.161 135.409
100.000 194.828 133.551
100.000 582.084 122.717
100.000 520.283 118.784
100.000 47.638 91.644
100.000 294.781 96.494
100.000 389.320 594.443
100.000 355.516 97.847
100.000 502.688 51.058
100.000 399.105 595.778
100.000 540.189 28.498
100.000 100.474 591.417
100.000 308.499 591.428
