100.000 389.745 46.097
100.000 89.122 36.156
100.000 231.469 555.609
100.000 75.100 598.672
100.000 14.097 597.455
100.000 193.052 553.417
100.000 365.055 542.196
100.000 134.421 533.306
100.000 71.472 528.798
100.000 12.101 522.790
100.000 542.257 516.798
100.000 26.071 515.235
100.000 597.456 491.765
100.000 62.113 491.662
100.000 444.436 469.569
100.000 347.951 465.142
100.000 243.919 459.812
100.000 577.475 457.387
100.000 466.568 420.481
100.000 468.628 402.488
100.000 463.774 385.024
100.000 314.487 384.882
100.000 553.844 378.632
100.000 583.875 375.922
100.000 156.410 375.357
100.000 73.757 361.937
100.000 65.299 356.004
100.000 522.941 338.022
100.000 244.176 326.180
100.000 156.402 324.533
100.000 429.791 308.950
100.000 66.646 300.047
100.000 56.652 302.563
100.000 239.773 299.125
100.000 321.045 280.217
100.000 240.462 279.474
100.000 12.332 258.929
100.000 487.537 258.382
100.000 175.952 244.489
100.000 175.209 232.320
100.000 563.788 228.377
100.000 564.305 218.238
100.000 473.388 231.212
100.000 89.229 210.571
100.000 490.541 208.354
100.000 148.752 204.614
100.000 59.982 181.050
100.000 282.435 172.688
100.000 158.465 172.666
100.000 214.859 172.439
100.000 239.971 115.428
100.000 111.294 109.038
100.000 379.695 108.072
100.000 469.851 99.585
100.000 280.024 74.370
100.000 422.172 583.249
100.000 256.361 26.037
