100.000 236.481 74.481
100.000 112.167 14.004
100.000 91.529 33.502
100.000 321.173 47.900
100.000 340.981 16.414
100.000 321.394 35.618
100.000 483.021 27.825
100.000 494.638 19.601
100.000 505.148 7.559
100.000 563.696 30.388
100.000 531.182 23.994
100.000 527.269 16.450
100.000 589.090 26.446
100.000 100.873 22.046
100.000 304.256 20.091
100.000 387.329 18.833
100.000 128.952 18.827
100.000 29.385 4.391
100.000 237.769 12.717
100.000 75.385 2.450
100.000 74.126 11.532
100.000 550.599 14.114
100.000 21.833 11.052
100.000 325.133 8.538
100.000 36.777 10.216
100.000 254.900 5.193
100.000 122.290 5.473
100.000 355.867 3.058
100.000 479.792 526.404
100.000 587.954 533.465
100.000 549.316 588.840
100.000 570.625 571.504
100.000 583.938 558.495
100.000 596.110 548.609
100.000 521.226 589.779
100.000 532.867 583.159
100.000 318.459 598.914
100.000 258.918 597.445
100.000 250.480 505.199
100.000 232.739 518.376
100.000 187.397 500.306
100.000 178.606 512.403
100.000 164.629 514.667
100.000 134.370 522.623
100.000 192.968 521.902
100.000 392.043 505.623
100.000 207.656 501.749
100.000 367.003 496.219
100.000 370.520 491.989
100.000 548.027 493.858
100.000 20.644 493.597
100.000 29.895 473.947
100.000 42.267 468.741
100.000 21.104 483.189
100.000 402.371 490.737
100.000 319.012 489.661
100.000 423.912 505.181
100.000 323.580 481.988
100.000 225.493 480.155
100.000 239.850 467.101
100.000 368.325 502.144
100.000 104.386 463.966
100.000 129.038 457.116
100.000 519.670 456.708
100.000 447.299 454.422
100.000 262.077 449.511
100.000 578.562 439.403
100.000 144.984 437.994
100.000 358.574 430.097
100.000 323.221 430.529
100.000 161.318 430.752
100.000 563.494 426.217
100.000 227.947 425.104
100.000 332.168 422.224
100.000 496.276 420.168
100.000 366.234 419.885
100.000 210.039 418.827
100.000 571.701 421.833
100.000 352.870 410.617
100.000 83.543 415.992
100.000 27.657 396.810
100.000 388.772 399.092
100.000 113.362 391.643
100.000 420.306 387.953
100.000 425.495 368.204
100.000 442.035 362.608
100.000 455.212 360.252
100.000 436.394 378.797
100.000 219.646 385.960
100.000 409.376 388.120
100.000 138.747 383.136
100.000 383.907 376.918
100.000 397.865 363.993
100.000 408.123 357.672
100.000 363.684 377.840
100.000 474.639 376.034
100.000 188.538 374.012
100.000 577.560 371.732
100.000 228.191 368.904
100.000 483.975 367.845
100.000 241.397 376.427
100.000 494.898 365.130
100.000 147.295 363.753
100.000 126.367 361.996
100.000 502.420 361.619
100.000 116.033 358.315
100.000 578.269 360.767
100.000 491.683 357.712
100.000 508.443 344.510
100.000 517.797 333.212
100.000 231.968 360.285
100.000 257.012 357.991
100.000 3.756 357.241
100.000 147.899 352.736
100.000 58.793 309.585
100.000 15.433 346.292
100.000 35.461 331.669
100.000 594.404 349.923
100.000 271.587 331.545
100.000 263.479 352.799
100.000 270.936 344.333
100.000 282.269 337.798
100.000 469.913 343.694
100.000 481.460 334.233
100.000 490.715 329.946
100.000 496.524 321.467
100.000 353.918 351.263
100.000 244.980 343.227
100.000 138.255 347.360
100.000 451.715 338.390
100.000 180.081 319.001
100.000 211.030 295.224
100.000 203.249 302.227
100.000 193.925 305.394
100.000 57.039 335.348
100.000 130.993 333.831
100.000 12.866 316.753
100.000 12.984 309.218
100.000 27.217 306.715
100.000 34.564 295.658
100.000 271.546 318.737
100.000 283.826 322.504
100.000 288.316 316.202
100.000 543.326 298.721
100.000 538.668 319.060
100.000 553.708 306.228
100.000 594.234 303.942
100.000 304.393 281.546
100.000 289.377 305.832
100.000 299.478 299.178
100.000 291.752 294.740
100.000 524.001 309.349
100.000 162.303 328.804
100.000 507.996 301.575
100.000 76.501 301.618
100.000 532.930 291.432
100.000 492.894 287.138
100.000 207.232 281.445
100.000 521.659 283.975
100.000 395.990 283.606
100.000 403.576 278.705
100.000 242.461 282.162
100.000 321.989 274.503
100.000 28.296 276.982
100.000 34.804 268.711
100.000 328.955 279.979
100.000 557.872 267.319
100.000 111.479 275.512
100.000 535.979 269.795
100.000 173.529 269.121
100.000 343.817 258.933
100.000 231.277 262.713
100.000 387.638 263.219
100.000 525.568 329.861
100.000 86.038 251.085
100.000 381.940 227.472
100.000 357.062 248.849
100.000 362.168 242.599
100.000 368.867 237.437
100.000 375.144 232.303
100.000 254.810 245.415
100.000 269.724 232.187
100.000 388.357 239.292
100.000 397.326 232.133
100.000 343.009 232.985
100.000 477.226 230.496
100.000 187.773 224.817
100.000 427.240 220.854
100.000 408.925 220.825
100.000 454.657 214.772
100.000 495.651 211.936
100.000 476.211 198.588
100.000 376.190 246.374
100.000 213.133 193.434
100.000 409.456 191.160
100.000 484.132 186.993
100.000 385.212 179.704
100.000 68.717 183.169
100.000 435.353 181.093
100.000 538.547 169.015
100.000 586.260 176.751
100.000 512.752 164.040
100.000 42.525 171.945
100.000 564.465 168.363
100.000 574.976 158.320
100.000 457.722 164.340
100.000 374.163 161.640
100.000 203.838 155.863
100.000 563.013 145.766
100.000 134.265 145.591
100.000 594.402 142.101
100.000 491.850 138.191
100.000 7.902 133.497
100.000 152.024 136.651
100.000 154.286 130.969
100.000 443.296 131.844
100.000 166.918 122.373
100.000 27.963 119.144
100.000 490.960 111.401
100.000 184.870 108.810
100.000 123.777 104.216
100.000 116.205 108.215
100.000 224.412 88.830
100.000 339.962 594.203
100.000 251.455 61.262
100.000 261.316 52.569
100.000 46.928 106.342
100.000 22.896 71.689
100.000 4.908 83.861
100.000 60.335 83.727
100.000 382.374 78.882
100.000 556.708 74.535
100.000 596.347 65.918
100.000 457.200 58.070
100.000 469.130 44.781
100.000 57.650 59.914
100.000 76.760 51.502
100.000 335.586 587.922
100.000 65.122 593.688
100.000 582.358 53.628
100.000 502.327 51.895
100.000 532.951 51.479
100.000 347.839 43.062
100.000 366.364 48.803
100.000 356.310 46.629
100.000 214.786 582.901
100.000 422.875 588.676
100.000 419.336 583.734
100.000 68.239 46.673
100.000 477.022 41.533
100.000 108.401 584.777
100.000 161.931 579.614
100.000 361.295 581.451
100.000 246.133 35.182
100.000 348.389 578.505
100.000 591.866 39.069
100.000 352.289 598.518
100.000 386.835 565.595
100.000 368.760 568.743
100.000 374.134 560.641
100.000 294.916 571.362
100.000 333.372 573.010
100.000 553.425 563.147
100.000 568.334 554.169
100.000 171.116 561.591
100.000 291.422 560.798
100.000 98.980 546.456
100.000 108.488 536.581
100.000 82.903 553.372
100.000 391.846 549.604
100.000 407.888 550.883
100.000 198.535 550.556
100.000 317.858 539.406
