100.000 457.924 25.244
100.000 85.371 24.841
100.000 34.164 17.528
100.000 165.703 6.802
100.000 81.517 13.871
100.000 439.966 11.940
100.000 149.665 11.609
100.000 590.875 10.446
100.000 409.249 8.209
100.000 528.121 22.093
100.000 507.639 553.268
100.000 403.764 555.058
100.000 179.330 546.173
100.000 113.100 545.133
100.000 71.507 547.117
100.000 596.688 544.053
100.000 318.667 537.361
100.000 144.972 536.827
100.000 222.612 532.680
100.000 511.007 531.093
100.000 70.127 526.982
100.000 269.729 519.477
100.000 564.214 518.491
100.000 434.517 527.918
100.000 48.382 517.674
100.000 186.964 514.143
100.000 95.494 506.514
100.000 382.605 501.744
100.000 285.793 500.937
100.000 258.371 489.500
100.000 330.656 489.209
100.000 494.866 487.250
100.000 64.901 483.439
100.000 115.951 478.009
100.000 431.184 490.931
100.000 48.536 480.189
100.000 389.294 460.930
100.000 384.165 451.026
100.000 381.832 476.105
100.000 3.183 459.630
100.000 549.799 455.565
100.000 186.486 451.284
100.000 177.204 445.220
100.000 469.608 483.464
100.000 565.701 443.875
100.000 397.588 443.424
100.000 338.702 438.267
100.000 289.658 438.232
100.000 523.852 434.609
100.000 20.239 428.979
100.000 120.163 427.176
100.000 518.691 423.183
100.000 241.893 426.182
100.000 568.909 424.739
100.000 558.711 421.923
100.000 385.565 422.072
100.000 177.183 413.232
100.000 55.286 418.657
100.000 527.946 417.021
100.000 45.402 428.464
100.000 134.757 410.168
100.000 136.911 402.624
100.000 87.598 410.149
100.000 477.800 408.327
100.000 519.897 404.739
100.000 365.682 400.329
100.000 214.634 400.283
100.000 463.513 393.542
100.000 549.537 391.435
100.000 34.972 387.983
100.000 104.097 385.758
100.000 55.401 383.660
100.000 516.464 380.124
100.000 598.751 373.258
100.000 392.300 376.706
100.000 171.596 370.987
100.000 74.847 365.430
100.000 365.569 360.693
100.000 304.560 358.522
100.000 229.659 359.664
100.000 322.809 362.110
100.000 91.709 362.126
100.000 141.561 358.969
100.000 258.231 357.583
100.000 534.107 349.570
100.000 436.797 354.964
100.000 7.219 352.668
100.000 471.717 352.671
100.000 40.195 350.646
100.000 522.515 333.941
100.000 250.732 339.227
100.000 312.531 338.662
100.000 281.756 335.210
100.000 396.317 330.509
100.000 578.251 323.745
100.000 231.842 321.688
100.000 22.691 316.083
100.000 398.446 318.049
100.000 129.811 314.070
100.000 84.660 314.955
100.000 428.353 310.834
100.000 302.389 317.775
100.000 317.178 306.503
100.000 333.494 302.933
100.000 524.097 299.396
100.000 120.829 300.339
100.000 189.795 300.227
100.000 44.067 297.414
100.000 229.847 301.218
100.000 498.977 312.085
100.000 213.149 289.266
100.000 559.031 277.464
100.000 529.338 278.244
100.000 287.091 273.093
100.000 421.410 270.005
100.000 479.757 268.443
100.000 187.865 262.527
100.000 240.147 258.165
100.000 579.232 257.590
100.000 321.116 257.488
100.000 450.446 253.960
100.000 57.585 248.927
100.000 408.439 252.172
100.000 39.645 240.895
100.000 470.413 248.904
100.000 181.443 248.002
100.000 204.767 243.227
100.000 374.665 236.886
100.000 108.773 237.841
100.000 558.259 237.132
100.000 198.839 230.085
100.000 365.991 226.833
100.000 409.752 224.159
100.000 303.814 225.210
100.000 490.137 222.569
100.000 266.661 218.048
100.000 237.924 218.972
100.000 81.980 216.840
100.000 439.122 215.966
100.000 553.149 206.814
100.000 471.399 212.488
100.000 110.975 206.507
100.000 249.837 206.699
100.000 235.495 200.586
100.000 66.470 202.043
100.000 175.612 202.913
100.000 166.384 194.811
100.000 147.764 189.982
100.000 432.468 190.789
100.000 189.076 181.805
100.000 67.445 185.708
100.000 31.119 181.331
100.000 56.208 183.160
100.000 355.087 181.787
100.000 330.173 176.487
100.000 311.203 168.776
100.000 481.929 170.883
100.000 395.943 172.240
100.000 418.638 165.453
100.000 527.343 167.757
100.000 182.740 163.887
100.000 301.642 155.960
100.000 360.987 152.097
100.000 120.442 149.906
100.000 511.211 152.491
100.000 142.898 148.879
100.000 410.718 146.560
100.000 22.982 141.183
100.000 48.794 139.352
100.000 522.141 137.444
100.000 534.515 118.998
100.000 465.871 136.186
100.000 99.851 135.729
100.000 26.612 129.035
100.000 202.804 127.632
100.000 12.517 116.665
100.000 108.666 119.965
100.000 305.189 118.116
100.000 290.043 114.027
100.000 120.494 112.211
100.000 348.960 106.749
100.000 508.118 107.413
100.000 413.754 108.478
100.000 65.726 123.342
100.000 60.901 104.014
100.000 281.328 93.691
100.000 534.103 84.807
100.000 449.199 83.525
100.000 74.336 84.815
100.000 519.808 81.954
100.000 190.052 80.887
100.000 259.453 76.295
100.000 534.852 68.070
100.000 126.543 69.969
100.000 94.104 59.338
100.000 387.140 47.383
100.000 416.750 66.992
100.000 214.127 54.112
100.000 457.877 49.961
100.000 593.766 41.965
100.000 535.722 37.518
100.000 226.097 589.066
100.000 314.544 29.291
100.000 331.655 28.901
100.000 203.496 590.143
100.000 579.405 585.324
100.000 274.877 580.018
100.000 152.288 573.075
100.000 597.858 567.813
100.000 349.377 565.960
100.000 80.130 563.734
100.000 136.032 561.193
