100.000 214.942 49.013
100.000 468.281 31.941
100.000 511.095 12.601
100.000 263.484 13.395
100.000 326.357 3.740
100.000 91.887 552.114
100.000 346.329 547.976
100.000 319.367 541.466
100.000 54.576 527.766
100.000 470.820 528.412
100.000 383.685 518.984
100.000 584.775 512.383
100.000 283.613 511.587
100.000 251.616 495.508
100.000 423.885 493.535
100.000 38.315 458.087
100.000 562.486 453.072
100.000 543.005 447.022
100.000 116.448 446.654
100.000 41.795 440.296
100.000 379.134 438.943
100.000 502.964 413.367
100.000 448.011 417.448
100.000 293.162 413.256
100.000 87.079 350.538
100.000 540.544 341.533
100.000 195.654 340.507
100.000 254.790 316.454
100.000 174.085 310.410
100.000 355.895 294.327
100.000 392.363 291.248
100.000 429.014 287.273
100.000 324.754 284.997
100.000 7.864 284.782
100.000 584.340 270.957
100.000 500.193 268.557
100.000 92.397 262.995
100.000 291.313 260.546
100.000 290.865 248.813
100.000 309.016 239.818
100.000 352.667 233.467
100.000 223.042 234.264
100.000 134.103 224.581
100.000 379.996 224.348
100.000 71.894 234.495
100.000 305.386 209.277
100.000 482.101 207.760
100.000 231.435 187.402
100.000 338.384 181.092
100.000 341.259 176.345
100.000 413.839 173.390
100.000 272.459 172.633
100.000 493.424 163.444
100.000 246.400 163.167
100.000 155.699 158.214
100.000 386.171 178.717
100.000 381.260 150.451
100.000 539.629 143.460
100.000 143.641 140.692
100.000 366.157 136.068
100.000 157.950 134.546
100.000 572.385 125.531
100.000 379.463 116.461
100.000 190.700 109.411
100.000 85.091 82.682
100.000 171.258 84.929
100.000 17.930 72.483
100.000 507.273 582.451
100.000 564.556 574.891
100.000 428.910 564.650
100.000 330.903 551.934
