100.000 120.056 41.461
100.000 56.980 35.096
100.000 61.556 24.537
100.000 415.571 26.376
100.000 539.949 18.329
100.000 222.695 521.936
100.000 417.709 594.592
100.000 117.726 598.759
100.000 31.788 598.003
100.000 553.390 517.691
100.000 330.441 512.608
100.000 234.023 507.178
100.000 480.501 508.875
100.000 344.394 504.756
100.000 365.457 494.571
100.000 360.988 492.168
100.000 458.427 487.279
100.000 17.020 481.703
100.000 408.366 475.146
100.000 222.201 477.638
100.000 324.786 448.341
100.000 163.947 437.950
100.000 220.726 424.501
100.000 567.732 400.839
100.000 10.846 394.683
100.000 59.986 384.989
100.000 105.966 344.043
100.000 302.502 334.148
100.000 201.138 326.977
100.000 361.333 321.883
100.000 108.646 315.171
100.000 467.006 311.490
100.000 208.620 304.468
100.000 529.970 281.168
100.000 97.513 282.885
100.000 408.957 275.980
100.000 412.146 268.809
100.000 231.697 240.498
100.000 40.376 225.887
100.000 340.959 177.768
100.000 506.721 177.409
100.000 459.267 175.884
100.000 241.064 173.649
100.000 561.240 156.535
100.000 486.863 147.383
100.000 311.193 146.600
100.000 426.315 136.325
100.000 59.676 132.190
100.000 399.770 91.327
100.000 286.620 83.343
100.000 43.094 85.697
100.000 236.717 74.734
100.000 280.993 60.160
100.000 340.864 567.070
100.000 353.736 45.241
100.000 383.622 547.241
100.000 505.123 542.889
100.000 61.737 524.628
