100.000 562.276 18.716
100.000 530.610 594.313
100.000 384.924 596.434
100.000 81.826 590.284
100.000 589.019 590.853
100.000 220.397 583.564
100.000 362.276 587.310
100.000 162.248 569.822
100.000 419.628 558.615
100.000 559.941 552.802
100.000 585.096 551.316
100.000 440.209 516.511
100.000 165.972 505.574
100.000 247.698 498.548
100.000 448.416 477.199
100.000 454.148 485.097
100.000 107.250 493.579
100.000 411.140 483.747
100.000 499.948 481.697
100.000 325.868 480.657
100.000 513.094 474.788
100.000 84.041 464.060
100.000 580.868 455.683
100.000 494.467 443.180
100.000 61.599 435.531
100.000 72.608 422.623
100.000 201.064 430.929
100.000 430.689 417.014
100.000 590.690 394.860
100.000 229.625 393.556
100.000 423.928 389.784
100.000 359.708 390.001
100.000 47.326 383.597
100.000 345.647 381.946
100.000 288.622 378.178
100.000 343.863 369.676
100.000 129.048 350.103
100.000 468.787 351.004
100.000 35.608 339.041
100.000 432.171 335.821
100.000 3.520 329.928
100.000 330.251 317.573
100.000 155.784 309.435
100.000 39.210 309.870
100.000 228.137 300.482
100.000 293.291 289.364
100.000 308.309 285.000
100.000 518.499 281.375
100.000 553.987 270.249
100.000 87.746 270.256
100.000 204.677 262.548
100.000 112.328 253.491
100.000 49.294 249.368
100.000 401.526 243.359
100.000 469.367 242.548
100.000 329.587 238.596
100.000 452.590 228.535
100.000 282.264 224.330
100.000 540.698 213.767
100.000 397.064 185.535
100.000 482.701 180.969
100.000 597.983 149.698
100.000 40.311 128.421
100.000 89.324 128.339
100.000 289.605 126.715
100.000 94.438 107.921
100.000 343.950 96.388
100.000 569.814 88.915
100.000 137.881 69.458
100.000 479.163 55.486
100.000 17.727 42.044
100.000 186.548 39.894
100.000 66.173 32.178
