100.000 497.963 106.190
100.000 375.009 33.888
100.000 479.498 19.421
100.000 178.756 13.716
100.000 115.174 6.573
100.000 170.200 573.469
100.000 69.080 597.349
100.000 451.350 557.868
100.000 185.266 551.381
100.000 202.928 548.953
100.000 585.857 543.173
100.000 21.900 538.944
100.000 245.924 529.822
100.000 396.842 477.521
100.000 267.998 525.054
100.000 288.331 515.739
100.000 376.533 483.804
100.000 316.563 506.589
100.000 62.637 522.903
100.000 384.723 520.559
100.000 90.865 511.632
100.000 271.843 503.134
100.000 361.086 490.208
100.000 148.203 483.587
100.000 118.897 478.453
100.000 453.764 456.204
100.000 428.604 466.954
100.000 56.709 467.324
100.000 221.827 539.912
100.000 15.120 461.572
100.000 569.500 408.977
100.000 493.265 443.246
100.000 508.709 437.029
100.000 588.797 408.795
100.000 525.464 431.480
100.000 543.828 424.952
100.000 563.402 417.791
100.000 257.786 438.650
100.000 477.842 448.421
100.000 422.312 431.875
100.000 443.009 460.956
100.000 128.239 404.855
100.000 408.002 523.501
100.000 134.228 384.251
100.000 431.444 385.658
100.000 460.332 374.581
100.000 228.939 372.700
100.000 249.734 373.734
100.000 499.239 361.193
100.000 241.750 352.962
100.000 381.578 350.147
100.000 330.517 349.024
100.000 272.691 300.240
100.000 256.521 337.691
100.000 268.260 323.731
100.000 582.205 331.010
100.000 183.368 328.036
100.000 302.717 318.517
100.000 33.528 306.418
100.000 98.294 298.790
100.000 547.479 333.243
100.000 434.751 296.937
100.000 554.528 296.557
100.000 6.979 294.314
100.000 534.374 288.124
100.000 205.285 282.367
100.000 532.891 273.520
100.000 146.992 266.140
100.000 103.664 258.897
100.000 83.847 244.141
100.000 360.298 244.669
100.000 184.185 243.875
100.000 41.808 241.271
100.000 285.350 235.508
100.000 412.489 221.379
100.000 257.368 245.017
100.000 134.038 183.210
100.000 281.204 167.561
100.000 499.099 170.648
100.000 207.819 165.061
100.000 147.074 152.552
100.000 568.775 138.531
100.000 373.969 127.678
100.000 87.299 592.061
100.000 6.183 120.261
100.000 73.495 119.720
100.000 311.231 101.725
100.000 32.806 78.953
100.000 412.855 66.549
100.000 277.963 58.425
100.000 159.692 564.078
100.000 521.984 30.440
100.000 127.196 576.202
100.000 16.757 577.114
