100.000 428.555 132.690
100.000 131.874 123.181
100.000 427.693 10.135
100.000 427.751 30.452
100.000 327.088 32.501
100.000 187.804 17.915
100.000 332.251 9.900
100.000 336.715 531.658
100.000 404.239 594.829
100.000 209.659 513.521
100.000 344.368 510.349
100.000 430.728 472.521
100.000 430.642 493.530
100.000 104.775 500.923
100.000 223.086 487.407
100.000 57.185 483.126
100.000 7.465 466.842
100.000 317.626 466.066
100.000 149.779 457.439
100.000 430.213 429.238
100.000 348.568 362.951
100.000 310.884 399.001
100.000 311.014 381.966
100.000 310.945 364.953
100.000 482.148 433.473
100.000 357.045 407.601
100.000 49.365 403.325
100.000 282.227 400.866
100.000 448.427 401.909
100.000 140.953 386.635
100.000 489.701 386.962
100.000 429.835 384.637
100.000 418.882 376.409
100.000 478.149 384.016
100.000 243.810 364.387
100.000 53.853 365.419
100.000 577.168 361.784
100.000 532.924 358.472
100.000 79.700 364.368
100.000 206.504 363.818
100.000 177.208 363.845
100.000 21.893 365.138
100.000 482.152 361.968
100.000 269.536 363.486
100.000 556.522 361.733
100.000 312.880 426.767
100.000 315.205 332.274
100.000 588.112 341.103
100.000 273.181 342.221
100.000 429.911 330.793
100.000 299.357 326.519
100.000 429.437 310.560
100.000 28.452 305.633
100.000 568.630 301.413
100.000 429.276 267.392
100.000 428.648 238.480
100.000 429.137 218.850
100.000 428.059 69.464
100.000 428.152 56.648
100.000 428.393 197.343
100.000 427.950 98.347
100.000 428.049 87.475
100.000 428.591 162.251
100.000 380.953 586.806
100.000 319.831 250.065
100.000 45.001 235.019
100.000 72.769 244.345
100.000 406.824 251.677
100.000 240.303 240.345
100.000 209.500 241.267
100.000 64.627 198.316
100.000 309.733 203.548
100.000 273.761 203.592
100.000 294.330 194.502
100.000 497.275 194.339
100.000 207.282 193.015
100.000 12.589 186.592
100.000 514.728 168.677
100.000 102.637 170.592
100.000 174.811 161.424
100.000 257.509 149.744
100.000 103.603 146.358
100.000 429.182 582.293
100.000 175.912 129.431
100.000 544.610 119.702
100.000 218.163 122.263
100.000 322.966 283.009
100.000 357.821 127.106
100.000 224.500 84.381
100.000 159.005 85.273
100.000 473.201 83.919
100.000 9.957 56.368
100.000 577.134 57.601
100.000 563.916 561.426
100.000 412.739 553.824
100.000 536.737 36.758
100.000 356.135 547.849
100.000 550.582 537.104
