100.000 29.352 24.200
100.000 432.703 14.150
100.000 423.130 14.956
100.000 430.184 8.979
100.000 167.828 2.060
100.000 41.127 582.034
100.000 147.440 598.823
100.000 437.899 567.288
100.000 509.156 562.021
100.000 172.338 557.167
100.000 345.808 547.365
100.000 599.323 538.779
100.000 572.619 533.599
100.000 306.809 525.184
100.000 405.695 522.187
100.000 570.331 512.749
100.000 298.761 510.452
100.000 283.971 507.530
100.000 135.020 584.499
100.000 49.894 501.464
100.000 126.889 501.548
100.000 354.453 483.100
100.000 382.394 483.488
100.000 270.527 480.351
100.000 530.744 473.893
100.000 418.531 466.980
100.000 136.924 474.230
100.000 535.264 441.422
100.000 267.419 440.473
100.000 402.386 436.648
100.000 410.608 433.883
100.000 7.812 432.358
100.000 11.760 425.129
100.000 256.154 430.770
100.000 583.280 411.286
100.000 106.694 414.280
100.000 490.731 399.127
100.000 243.919 387.815
100.000 283.089 390.915
100.000 152.139 372.438
100.000 124.269 339.103
100.000 285.984 338.146
100.000 576.141 329.114
100.000 266.175 336.613
100.000 18.690 330.593
100.000 173.676 326.064
100.000 254.511 323.784
100.000 118.409 316.854
100.000 594.466 305.519
100.000 11.164 292.498
100.000 152.289 291.983
100.000 191.098 280.046
100.000 394.782 276.329
100.000 321.404 278.431
100.000 557.193 267.841
100.000 341.749 269.089
100.000 277.020 268.904
100.000 368.259 250.411
100.000 355.035 229.851
100.000 424.255 224.414
100.000 102.155 232.545
100.000 560.207 230.337
100.000 485.502 203.497
100.000 195.522 191.656
100.000 317.436 176.767
100.000 215.987 170.836
100.000 421.378 155.841
100.000 371.792 125.627
100.000 404.111 122.248
100.000 110.350 123.999
100.000 442.817 121.070
100.000 304.315 111.968
100.000 501.068 103.163
100.000 377.900 89.901
100.000 478.928 93.072
100.000 456.314 89.599
100.000 596.284 63.629
100.000 265.722 54.080
100.000 401.913 52.971
100.000 392.081 35.984
100.000 527.612 591.204
100.000 78.132 593.822
100.000 332.887 587.263
100.000 223.580 575.702
100.000 4.594 20.969
