100.000 346.881 42.832
100.000 428.205 45.441
100.000 173.062 26.648
100.000 181.811 21.213
100.000 162.435 12.425
100.000 526.998 8.822
100.000 219.125 5.737
100.000 121.768 3.348
100.000 307.732 3.303
100.000 239.480 5.645
100.000 384.343 572.947
100.000 72.738 567.517
100.000 164.176 551.794
100.000 14.996 551.017
100.000 401.393 547.229
100.000 265.524 547.740
100.000 392.885 540.951
100.000 358.716 542.105
100.000 431.994 541.091
100.000 201.483 542.064
100.000 333.746 540.375
100.000 141.936 526.766
100.000 12.153 525.405
100.000 83.635 524.001
100.000 21.517 528.549
100.000 34.314 525.746
100.000 25.507 522.539
100.000 509.747 526.590
100.000 565.807 522.314
100.000 378.491 519.267
100.000 355.411 531.396
100.000 539.170 517.826
100.000 359.620 514.574
100.000 356.029 507.128
100.000 103.473 504.321
100.000 252.102 509.066
100.000 493.497 496.417
100.000 142.809 494.878
100.000 393.424 492.333
100.000 337.095 491.610
100.000 353.639 490.511
100.000 76.440 491.188
100.000 374.112 486.094
100.000 320.206 482.237
100.000 43.151 484.021
100.000 183.046 483.976
100.000 330.862 477.604
100.000 213.571 495.044
100.000 493.478 464.147
100.000 47.037 463.334
100.000 203.158 464.392
100.000 95.195 471.113
100.000 24.182 461.256
100.000 563.711 459.759
100.000 183.263 451.083
100.000 419.469 446.816
100.000 453.232 431.198
100.000 224.821 426.958
100.000 88.501 428.702
100.000 564.211 427.639
100.000 43.582 424.299
100.000 284.577 421.874
100.000 101.867 417.399
100.000 293.789 416.822
100.000 278.495 414.298
100.000 554.997 411.735
100.000 445.202 413.338
100.000 200.435 411.528
100.000 79.885 395.349
100.000 82.354 407.310
100.000 337.094 401.197
100.000 178.755 394.082
100.000 512.663 396.546
100.000 435.571 396.238
100.000 98.197 396.603
100.000 116.226 395.851
100.000 592.965 392.988
100.000 251.977 390.801
100.000 33.578 388.972
100.000 471.490 389.511
100.000 214.427 382.757
100.000 495.357 382.632
100.000 270.138 375.855
100.000 103.970 372.568
100.000 519.769 365.200
100.000 74.820 354.496
100.000 87.803 361.885
100.000 551.750 356.011
100.000 173.265 353.636
100.000 369.920 342.029
100.000 462.957 345.036
100.000 538.547 353.171
100.000 407.557 338.818
100.000 176.412 333.286
100.000 278.160 334.414
100.000 418.725 335.074
100.000 382.852 331.174
100.000 188.339 330.039
100.000 87.095 328.092
100.000 340.357 326.487
100.000 461.156 308.688
100.000 473.305 312.636
100.000 308.712 317.496
100.000 326.757 316.627
100.000 525.719 316.171
100.000 218.776 312.586
100.000 30.262 310.845
100.000 60.847 311.128
100.000 16.606 307.203
100.000 412.588 306.347
100.000 406.488 305.522
100.000 455.663 300.705
100.000 482.866 299.030
100.000 120.834 297.507
100.000 304.795 293.458
100.000 38.141 286.098
100.000 25.070 286.422
100.000 4.441 279.762
100.000 10.893 277.210
100.000 370.957 279.452
100.000 174.170 275.549
100.000 103.129 267.407
100.000 104.279 257.354
100.000 497.185 272.362
100.000 127.850 267.676
100.000 135.123 253.502
100.000 466.957 285.458
100.000 364.824 267.670
100.000 147.024 266.664
100.000 373.850 261.554
100.000 116.021 260.519
100.000 334.248 268.011
100.000 473.284 254.728
100.000 2.654 249.210
100.000 280.575 250.181
100.000 304.234 245.571
100.000 291.389 243.061
100.000 67.321 241.423
100.000 482.209 232.180
100.000 469.959 239.166
100.000 114.548 241.994
100.000 116.712 232.007
100.000 362.744 233.475
100.000 560.954 239.283
100.000 429.670 234.887
100.000 379.113 232.628
100.000 208.729 232.417
100.000 254.468 230.300
100.000 176.050 220.176
100.000 47.514 224.474
100.000 488.260 220.146
100.000 540.059 217.813
100.000 581.083 215.973
100.000 333.409 244.604
100.000 121.044 208.387
100.000 496.853 206.149
100.000 170.226 193.624
100.000 104.220 184.823
100.000 526.449 169.507
100.000 169.291 173.578
100.000 352.839 171.495
100.000 227.901 168.677
100.000 562.627 184.587
100.000 19.001 168.948
100.000 423.956 167.639
100.000 130.164 182.762
100.000 500.601 165.068
100.000 297.614 163.210
100.000 514.235 159.536
100.000 278.262 146.936
100.000 29.384 151.788
100.000 27.661 183.190
100.000 223.664 139.629
100.000 244.958 154.414
100.000 243.375 118.042
100.000 549.651 120.102
100.000 86.159 119.880
100.000 587.973 140.300
100.000 25.853 113.504
100.000 114.174 112.421
100.000 409.341 111.501
100.000 334.814 94.970
100.000 154.037 98.039
100.000 435.699 94.805
100.000 519.180 94.371
100.000 68.606 101.190
100.000 400.734 92.852
100.000 207.230 87.645
100.000 2.290 86.277
100.000 259.648 78.412
100.000 477.769 73.412
100.000 426.598 74.748
100.000 135.555 68.391
100.000 489.806 67.198
100.000 12.585 65.445
100.000 439.171 63.388
100.000 215.953 64.879
100.000 222.296 62.119
100.000 281.621 56.480
100.000 535.509 51.365
100.000 439.012 592.598
100.000 537.031 591.356
100.000 289.128 41.610
100.000 364.284 37.834
100.000 411.305 50.443
100.000 316.544 587.576
100.000 278.731 589.469
100.000 119.110 32.573
100.000 89.439 33.022
100.000 12.558 43.263
100.000 532.349 27.724
100.000 392.665 585.293
100.000 589.282 578.936
100.000 209.426 581.685
100.000 200.460 576.268
100.000 440.557 563.749
