100.000 22.350 28.154
100.000 592.040 592.989
100.000 183.108 587.796
100.000 529.229 580.881
100.000 495.211 574.298
100.000 409.265 557.982
100.000 174.478 550.500
100.000 72.367 541.680
100.000 443.772 508.442
100.000 585.854 482.226
100.000 388.106 482.874
100.000 367.486 479.924
100.000 201.625 478.530
100.000 525.147 474.479
100.000 92.633 459.160
100.000 518.000 460.344
100.000 406.597 447.373
100.000 7.463 446.403
100.000 480.687 435.022
100.000 239.422 431.917
100.000 368.203 420.042
100.000 133.780 419.252
100.000 566.222 417.150
100.000 590.674 403.109
100.000 79.873 404.189
100.000 525.108 401.902
100.000 322.798 390.797
100.000 78.029 378.661
100.000 189.332 369.213
100.000 70.452 348.499
100.000 78.350 337.293
100.000 206.640 323.097
100.000 267.096 320.291
100.000 573.512 318.014
100.000 531.328 313.721
100.000 112.772 301.556
100.000 139.324 297.586
100.000 527.703 267.852
100.000 528.965 255.457
100.000 372.681 243.258
100.000 482.920 243.158
100.000 66.353 225.329
100.000 214.626 220.042
100.000 490.668 206.997
100.000 108.441 203.379
100.000 125.946 192.541
100.000 515.582 203.735
100.000 226.617 186.371
100.000 582.996 174.017
100.000 48.816 152.961
100.000 239.417 134.870
100.000 558.839 110.066
100.000 215.216 108.522
100.000 386.507 102.932
100.000 572.437 88.490
100.000 589.298 110.124
100.000 570.529 70.785
100.000 228.869 42.644
