100.000 557.164 5.579
100.000 437.215 598.331
100.000 556.141 594.018
100.000 259.975 566.907
100.000 39.887 568.051
100.000 441.696 544.057
100.000 319.622 527.317
100.000 203.729 525.664
100.000 394.533 519.435
100.000 22.469 509.938
100.000 377.916 512.882
100.000 108.380 475.991
100.000 526.077 427.359
100.000 183.333 422.831
100.000 378.187 392.478
100.000 520.351 378.633
100.000 313.514 364.872
100.000 173.988 332.728
100.000 584.582 335.914
100.000 545.501 334.875
100.000 320.115 309.981
100.000 587.864 303.914
100.000 253.509 302.505
100.000 490.662 294.016
100.000 596.406 272.505
100.000 433.388 267.072
100.000 521.447 242.385
100.000 124.016 214.313
100.000 233.882 154.576
100.000 559.396 131.103
100.000 132.747 125.901
100.000 521.562 104.023
100.000 67.258 54.330
100.000 286.621 41.392
100.000 152.010 19.783
