100.000 333.145 70.402
100.000 65.632 57.602
100.000 399.237 21.975
100.000 592.769 10.648
100.000 259.560 15.826
100.000 532.403 10.088
100.000 562.039 9.835
100.000 372.199 10.254
100.000 452.786 6.493
100.000 479.329 549.381
100.000 437.752 596.467
100.000 318.350 598.573
100.000 176.233 549.913
100.000 573.726 546.637
100.000 321.562 545.055
100.000 82.912 542.616
100.000 102.949 546.283
100.000 135.901 543.569
100.000 593.399 550.790
100.000 360.649 536.975
100.000 283.021 547.000
100.000 492.563 530.317
100.000 184.762 529.009
100.000 415.608 525.766
100.000 457.765 518.127
100.000 529.584 515.135
100.000 312.917 517.606
100.000 232.625 514.863
100.000 365.903 508.798
100.000 100.800 506.681
100.000 509.235 507.136
100.000 439.834 507.536
100.000 201.026 506.380
100.000 588.980 503.803
100.000 523.732 490.600
100.000 15.035 491.484
100.000 336.584 489.080
100.000 530.615 483.688
100.000 395.491 487.021
100.000 217.420 483.663
100.000 38.799 483.304
100.000 38.276 475.529
100.000 64.061 472.644
100.000 6.644 475.741
100.000 346.305 475.112
100.000 178.562 473.764
100.000 226.503 496.692
100.000 309.070 470.818
100.000 124.191 468.792
100.000 425.146 464.848
100.000 521.080 460.837
100.000 242.816 458.649
100.000 86.603 458.448
100.000 173.749 447.010
100.000 19.576 454.096
100.000 554.575 446.214
100.000 261.014 446.329
100.000 371.100 444.769
100.000 146.713 441.779
100.000 281.327 439.671
100.000 101.503 416.445
100.000 39.778 427.261
100.000 155.844 424.267
100.000 65.635 416.755
100.000 306.963 413.962
100.000 580.631 410.463
100.000 476.396 410.034
100.000 362.751 406.001
100.000 3.216 396.030
100.000 72.354 392.156
100.000 52.259 393.339
100.000 522.830 387.847
100.000 202.121 381.921
100.000 401.781 387.995
100.000 485.171 385.707
100.000 100.175 382.918
100.000 243.087 378.597
100.000 466.310 373.309
100.000 572.885 371.507
100.000 287.632 353.481
100.000 3.120 367.416
100.000 361.956 363.692
100.000 527.359 357.541
100.000 165.106 360.302
100.000 564.285 358.687
100.000 126.914 356.472
100.000 151.910 348.568
100.000 445.786 421.070
100.000 257.379 336.104
100.000 405.664 336.077
100.000 571.941 326.084
100.000 134.441 331.036
100.000 345.580 324.240
100.000 258.022 307.644
100.000 444.372 309.331
100.000 318.165 303.091
100.000 36.320 319.014
100.000 163.196 297.776
100.000 594.484 295.040
100.000 202.413 296.136
100.000 48.334 297.009
100.000 377.962 294.184
100.000 70.978 317.556
100.000 525.253 280.446
100.000 407.346 285.127
100.000 490.165 281.906
100.000 251.412 284.159
100.000 385.249 278.236
100.000 410.784 309.978
100.000 337.183 275.920
100.000 195.435 276.952
100.000 103.137 275.895
100.000 396.180 275.045
100.000 2.863 275.283
100.000 285.945 266.058
100.000 187.692 265.163
100.000 318.419 263.313
100.000 93.860 258.323
100.000 219.090 257.454
100.000 393.639 313.209
100.000 414.278 251.735
100.000 399.249 250.465
100.000 319.704 251.017
100.000 144.118 249.516
100.000 272.419 252.868
100.000 571.006 246.973
100.000 288.853 241.843
100.000 245.869 242.477
100.000 503.717 242.229
100.000 213.513 239.720
100.000 431.644 227.822
100.000 563.354 215.631
100.000 353.207 221.611
100.000 375.679 218.584
100.000 193.584 213.420
100.000 301.230 209.825
100.000 293.168 202.134
100.000 223.248 209.538
100.000 419.541 207.846
100.000 421.914 198.875
100.000 83.929 199.869
100.000 446.087 197.543
100.000 155.877 196.690
100.000 480.378 196.542
100.000 168.272 183.807
100.000 557.529 183.071
100.000 140.610 181.885
100.000 7.580 174.562
100.000 407.140 171.329
100.000 204.187 165.936
100.000 202.133 154.462
100.000 354.393 161.206
100.000 5.182 159.266
100.000 493.235 155.786
100.000 540.760 151.921
100.000 576.273 154.236
100.000 344.148 146.904
100.000 301.469 151.242
100.000 222.319 147.571
100.000 157.749 144.573
100.000 251.882 143.849
100.000 495.421 126.328
100.000 260.446 127.545
100.000 122.034 122.537
100.000 449.052 118.880
100.000 285.465 117.845
100.000 481.132 110.025
100.000 60.587 110.254
100.000 578.133 97.977
100.000 314.434 100.159
100.000 86.662 95.379
100.000 173.907 93.001
100.000 598.865 92.150
100.000 407.582 84.729
100.000 56.983 89.121
100.000 4.499 78.507
100.000 563.459 590.424
100.000 143.780 67.459
100.000 553.205 62.604
100.000 59.018 596.104
100.000 133.817 47.160
100.000 472.026 41.208
100.000 213.721 41.375
100.000 573.572 71.761
100.000 429.776 38.538
100.000 557.408 46.815
100.000 550.345 33.247
100.000 535.644 32.265
100.000 211.180 25.560
100.000 159.785 581.732
100.000 222.692 21.887
100.000 434.082 583.125
100.000 385.433 569.857
100.000 584.901 565.103
100.000 126.117 565.421
100.000 367.656 551.921
