100.000 573.652 31.237
100.000 429.963 18.074
100.000 321.961 17.520
100.000 400.292 11.094
100.000 434.136 522.949
100.000 506.774 588.233
100.000 529.020 586.375
100.000 450.696 595.852
100.000 340.357 525.828
100.000 227.618 522.389
100.000 445.642 506.489
100.000 516.184 473.089
100.000 251.144 472.097
100.000 373.157 437.997
100.000 75.671 427.796
100.000 505.799 448.811
100.000 180.047 429.256
100.000 45.012 428.344
100.000 11.788 428.832
100.000 470.454 445.491
100.000 429.306 441.584
100.000 246.466 431.910
100.000 311.124 434.795
100.000 591.942 457.383
100.000 560.789 453.911
100.000 265.590 443.308
100.000 135.755 429.272
100.000 558.946 412.983
100.000 9.528 404.857
100.000 456.776 403.070
100.000 332.961 371.885
100.000 463.236 367.016
100.000 516.031 368.102
100.000 235.916 365.523
100.000 103.259 428.320
100.000 544.317 345.469
100.000 427.230 345.821
100.000 228.124 335.213
100.000 235.005 334.368
100.000 231.345 319.542
100.000 340.889 436.655
100.000 398.318 316.319
100.000 591.492 291.649
100.000 8.225 288.017
100.000 428.199 267.499
100.000 420.443 251.065
100.000 118.099 237.006
100.000 530.522 235.385
100.000 598.498 203.875
100.000 339.489 202.366
100.000 513.319 192.015
100.000 165.531 183.523
100.000 498.200 175.486
100.000 443.131 174.663
100.000 312.062 148.131
100.000 161.515 150.321
100.000 212.244 130.135
100.000 72.438 125.020
100.000 470.582 112.479
100.000 451.193 103.101
100.000 570.523 91.678
100.000 406.240 88.880
100.000 424.733 82.478
100.000 578.172 62.323
100.000 571.172 63.097
100.000 243.446 58.518
100.000 490.033 41.948
100.000 527.767 46.241
100.000 105.247 44.038
100.000 535.512 544.616
100.000 449.955 540.368
100.000 467.965 520.437
