100.000 374.022 14.440
100.000 181.254 10.030
100.000 503.153 11.280
100.000 212.920 13.183
100.000 511.465 578.269
100.000 119.856 574.496
100.000 502.569 572.481
100.000 199.779 533.964
100.000 407.846 521.186
100.000 401.536 508.242
100.000 270.592 521.652
100.000 62.115 508.135
100.000 243.979 460.640
100.000 271.112 458.409
100.000 480.621 447.046
100.000 19.170 444.603
100.000 192.814 406.951
100.000 460.347 345.946
100.000 335.958 339.550
100.000 78.319 336.742
100.000 5.930 318.802
100.000 122.728 291.041
100.000 177.669 279.340
100.000 136.071 276.633
100.000 29.878 260.578
100.000 411.994 249.135
100.000 204.213 218.731
100.000 354.379 205.018
100.000 255.964 188.789
100.000 149.188 177.667
100.000 19.160 176.805
100.000 354.828 165.882
100.000 536.086 165.317
100.000 74.834 164.230
100.000 476.007 98.048
100.000 395.998 90.470
100.000 431.795 83.198
100.000 179.416 79.585
100.000 261.968 77.193
100.000 202.106 75.883
100.000 534.521 60.071
100.000 169.809 38.521
100.000 264.330 591.704
100.000 166.399 586.503
100.000 452.594 571.801
