100.000 471.562 58.903
100.000 225.463 24.764
100.000 127.898 23.111
100.000 383.617 10.755
100.000 367.444 20.557
100.000 272.373 21.038
100.000 104.318 17.525
100.000 446.653 14.363
100.000 595.496 12.866
100.000 506.294 10.222
100.000 320.174 8.246
100.000 34.387 5.115
100.000 510.604 565.088
100.000 337.192 595.467
100.000 33.576 596.415
100.000 333.157 558.490
100.000 370.074 554.203
100.000 592.729 556.896
100.000 21.181 552.816
100.000 47.047 552.833
100.000 216.984 549.734
100.000 591.870 540.404
100.000 346.096 547.719
100.000 69.153 539.902
100.000 134.811 540.359
100.000 376.662 524.599
100.000 24.803 525.380
100.000 475.659 524.154
100.000 211.066 508.159
100.000 180.520 515.152
100.000 297.187 500.824
100.000 342.633 493.303
100.000 419.153 486.576
100.000 43.194 488.765
100.000 72.956 500.894
100.000 195.886 476.653
100.000 314.334 470.183
100.000 115.622 473.882
100.000 201.506 468.782
100.000 95.339 463.402
100.000 48.228 462.757
100.000 437.791 461.354
100.000 224.586 459.671
100.000 332.034 448.735
100.000 124.541 447.169
100.000 195.197 446.358
100.000 573.552 441.312
100.000 220.741 440.658
100.000 440.247 436.471
100.000 168.966 444.463
100.000 185.317 431.180
100.000 369.505 443.270
100.000 510.416 429.310
100.000 71.370 426.761
100.000 430.482 422.367
100.000 184.697 418.030
100.000 367.694 415.850
100.000 99.147 414.110
100.000 414.707 414.541
100.000 236.589 411.155
100.000 570.179 415.868
100.000 68.712 408.495
100.000 281.597 405.982
100.000 388.030 400.250
100.000 358.924 396.554
100.000 124.791 389.060
100.000 520.744 383.533
100.000 330.262 377.499
100.000 358.273 377.260
100.000 346.597 378.800
100.000 43.044 375.255
100.000 21.593 371.494
100.000 410.408 374.293
100.000 315.452 382.282
100.000 383.315 372.921
100.000 161.904 349.334
100.000 225.317 347.579
100.000 313.548 344.061
100.000 355.845 339.932
100.000 235.503 334.802
100.000 243.321 331.210
100.000 90.508 332.809
100.000 578.581 332.775
100.000 408.457 332.585
100.000 544.294 330.950
100.000 473.431 323.325
100.000 17.916 321.440
100.000 183.378 313.473
100.000 113.111 309.164
100.000 401.250 306.996
100.000 196.332 301.368
100.000 313.460 297.729
100.000 286.285 297.164
100.000 216.714 288.063
100.000 363.010 287.219
100.000 140.360 287.799
100.000 588.554 283.336
100.000 397.974 283.817
100.000 80.487 279.041
100.000 450.452 280.086
100.000 6.500 280.475
100.000 356.114 300.744
100.000 492.133 273.501
100.000 3.417 267.277
100.000 350.649 270.373
100.000 60.282 268.891
100.000 257.958 266.473
100.000 548.816 258.674
100.000 466.536 259.473
100.000 236.081 261.364
100.000 93.968 255.185
100.000 395.339 250.444
100.000 54.386 250.755
100.000 431.720 249.073
100.000 254.268 248.835
100.000 308.022 246.553
100.000 577.434 244.649
100.000 189.668 241.439
100.000 153.091 258.998
100.000 179.957 229.042
100.000 131.715 229.528
100.000 489.060 228.793
100.000 399.482 226.017
100.000 356.252 225.179
100.000 385.224 241.905
100.000 303.454 213.953
100.000 156.966 211.004
100.000 364.752 205.232
100.000 251.993 202.523
100.000 57.295 202.683
100.000 462.795 202.012
100.000 212.081 201.405
100.000 500.282 193.069
100.000 375.243 186.950
100.000 138.584 177.100
100.000 469.069 176.012
100.000 235.732 170.188
100.000 291.375 174.090
100.000 121.930 166.115
100.000 368.345 161.624
100.000 318.466 158.773
100.000 284.476 153.741
100.000 61.872 146.540
100.000 45.472 147.205
100.000 246.187 143.371
100.000 385.773 139.215
100.000 560.390 137.341
100.000 85.888 134.193
100.000 527.588 135.758
100.000 261.111 157.538
100.000 221.983 127.366
100.000 227.925 124.640
100.000 112.125 143.155
100.000 40.288 128.088
100.000 3.975 126.098
100.000 26.221 126.680
100.000 116.325 107.966
100.000 464.353 96.457
100.000 596.481 91.265
100.000 376.530 86.736
100.000 139.465 79.715
100.000 238.596 75.840
100.000 36.694 88.930
100.000 517.590 73.414
100.000 539.453 68.278
100.000 136.644 68.092
100.000 407.226 64.022
100.000 184.370 59.203
100.000 197.808 58.025
100.000 2.862 62.512
100.000 597.124 61.156
100.000 585.833 593.432
100.000 225.917 56.842
100.000 81.454 48.776
100.000 336.336 48.724
100.000 349.450 40.862
100.000 207.776 33.822
100.000 410.773 34.175
100.000 307.389 57.695
100.000 550.444 591.553
100.000 188.510 27.397
100.000 483.128 592.364
100.000 467.246 565.365
100.000 399.737 585.895
100.000 142.202 583.311
100.000 532.199 20.232
100.000 7.817 592.624
100.000 230.182 582.108
100.000 167.094 577.733
100.000 182.926 571.514
100.000 308.030 567.541
