100.000 45.970 5.474
100.000 562.345 4.008
100.000 273.611 3.589
100.000 21.583 574.307
100.000 169.211 588.090
100.000 71.503 598.062
100.000 388.828 563.920
100.000 513.776 554.020
100.000 334.943 526.547
100.000 187.707 518.810
100.000 595.504 515.996
100.000 247.740 500.901
100.000 531.024 502.197
100.000 37.093 483.832
100.000 320.217 471.723
100.000 575.396 440.678
100.000 571.450 434.091
100.000 24.421 428.009
100.000 48.763 425.519
100.000 547.850 421.450
100.000 427.165 406.587
100.000 518.148 407.069
100.000 168.040 407.186
100.000 441.614 395.587
100.000 527.129 391.812
100.000 59.605 381.412
100.000 412.973 387.071
100.000 549.497 383.916
100.000 146.408 378.366
100.000 153.639 340.666
100.000 469.625 335.860
100.000 117.828 328.250
100.000 356.193 325.493
100.000 68.107 311.709
100.000 59.458 311.881
100.000 487.010 311.611
100.000 586.041 308.146
100.000 13.261 308.027
100.000 565.835 306.665
100.000 553.553 303.152
100.000 300.309 305.252
100.000 129.607 303.721
100.000 109.846 288.950
100.000 244.809 290.188
100.000 82.521 278.412
100.000 554.789 281.322
100.000 148.614 272.652
100.000 472.328 268.902
100.000 117.383 259.421
100.000 286.676 221.036
100.000 64.977 252.207
100.000 547.271 245.756
100.000 329.512 231.404
100.000 298.140 218.060
100.000 286.678 237.740
100.000 17.174 198.366
100.000 260.326 183.461
100.000 528.164 175.833
100.000 395.223 171.311
100.000 331.288 150.054
100.000 251.902 141.030
100.000 401.584 135.670
100.000 457.332 128.061
100.000 173.066 125.087
100.000 487.057 110.026
100.000 273.912 101.672
100.000 576.578 88.096
100.000 148.319 78.099
100.000 524.009 101.433
100.000 54.711 71.887
100.000 47.577 70.403
100.000 448.984 61.520
100.000 392.563 48.218
100.000 266.445 34.540
100.000 363.029 30.989
100.000 479.762 588.383
100.000 217.202 583.270
