100.000 147.509 27.761
100.000 82.256 20.727
100.000 9.050 20.992
100.000 398.827 22.309
100.000 570.085 17.012
100.000 454.320 10.376
100.000 528.914 16.691
100.000 144.485 7.062
100.000 362.261 7.534
100.000 489.455 567.467
100.000 367.213 555.108
100.000 538.027 554.801
100.000 589.151 542.474
100.000 161.743 497.867
100.000 310.958 542.235
100.000 244.643 538.154
100.000 297.571 526.278
100.000 141.090 534.214
100.000 435.108 540.200
100.000 311.826 521.236
100.000 200.505 514.582
100.000 394.679 503.389
100.000 569.849 502.858
100.000 255.972 498.165
100.000 351.504 513.817
100.000 432.512 494.194
100.000 457.380 488.822
100.000 532.863 538.177
100.000 476.286 484.365
100.000 291.778 470.728
100.000 255.604 469.909
100.000 385.544 469.178
100.000 578.557 463.676
100.000 327.274 465.259
100.000 84.795 458.509
100.000 437.363 455.846
100.000 274.906 447.958
100.000 447.933 450.826
100.000 503.575 448.365
100.000 529.520 444.327
100.000 552.066 438.153
100.000 481.328 438.393
100.000 203.072 435.537
100.000 195.664 431.013
100.000 375.674 431.512
100.000 33.081 428.223
100.000 342.130 426.164
100.000 411.627 409.083
100.000 403.331 409.416
100.000 176.541 529.607
100.000 118.321 411.915
100.000 494.655 405.563
100.000 358.897 404.634
100.000 277.224 404.520
100.000 263.102 396.069
100.000 176.227 398.956
100.000 595.721 382.596
100.000 596.851 373.458
100.000 473.148 386.335
100.000 169.664 378.238
100.000 11.921 371.581
100.000 408.540 365.274
100.000 39.933 364.792
100.000 352.805 362.615
100.000 457.619 359.675
100.000 115.436 354.090
100.000 435.050 350.820
100.000 509.033 345.430
100.000 205.982 335.875
100.000 168.344 331.062
100.000 434.744 333.635
100.000 581.597 332.472
100.000 154.500 332.332
100.000 253.455 329.846
100.000 106.655 329.220
100.000 411.418 328.539
100.000 227.404 326.042
100.000 353.945 316.207
100.000 425.936 312.903
100.000 485.464 312.192
100.000 317.235 315.013
100.000 542.499 308.494
100.000 479.740 298.607
100.000 258.813 298.137
100.000 90.630 298.671
100.000 468.702 291.372
100.000 447.675 314.288
100.000 482.549 282.941
100.000 498.262 280.184
100.000 397.449 279.571
100.000 257.346 276.149
100.000 156.377 278.746
100.000 433.323 272.764
100.000 231.422 264.300
100.000 567.279 262.799
100.000 347.973 258.245
100.000 62.920 273.908
100.000 552.446 253.706
100.000 191.612 252.984
100.000 246.877 248.688
100.000 304.499 245.898
100.000 105.595 246.536
100.000 481.474 254.065
100.000 503.754 235.176
100.000 499.615 225.501
100.000 409.334 222.956
100.000 125.313 218.310
100.000 504.286 214.964
100.000 463.804 207.010
100.000 193.321 203.875
100.000 547.237 203.957
100.000 482.160 198.895
100.000 293.316 202.142
100.000 160.761 197.727
100.000 359.423 197.903
100.000 403.167 203.593
100.000 278.222 191.290
100.000 498.008 186.630
100.000 252.124 185.249
100.000 512.016 179.519
100.000 26.162 176.319
100.000 96.713 176.609
100.000 371.314 172.041
100.000 389.602 169.503
100.000 185.639 164.408
100.000 458.340 163.843
100.000 31.935 160.268
100.000 266.648 158.608
100.000 589.651 157.804
100.000 171.432 157.154
100.000 503.587 147.205
100.000 363.192 151.515
100.000 574.654 147.021
100.000 531.754 148.662
100.000 408.227 149.437
100.000 152.288 145.291
100.000 520.202 139.989
100.000 84.752 140.998
100.000 594.967 128.063
100.000 116.142 124.495
100.000 98.677 123.165
100.000 335.628 120.020
100.000 451.018 117.909
100.000 154.204 115.186
100.000 255.358 112.908
100.000 429.966 106.601
100.000 470.803 99.939
100.000 535.991 88.807
100.000 441.617 91.516
100.000 306.726 93.346
100.000 563.089 87.153
100.000 254.296 86.881
100.000 243.502 86.675
100.000 455.140 80.641
100.000 39.696 80.094
100.000 225.951 80.955
100.000 528.962 75.343
100.000 518.211 75.441
100.000 506.671 56.566
100.000 593.244 53.769
100.000 44.566 53.951
100.000 195.963 48.067
100.000 349.060 41.161
100.000 226.875 42.082
100.000 288.147 595.951
100.000 134.965 29.014
100.000 378.328 596.580
100.000 121.076 589.328
100.000 13.718 589.026
100.000 272.432 21.517
100.000 224.973 588.834
100.000 138.308 585.312
100.000 339.041 583.350
100.000 279.555 570.102
