100.000 12.253 200.886
100.000 539.624 69.184
100.000 381.886 44.152
100.000 505.398 33.071
100.000 111.559 31.454
100.000 215.791 25.844
100.000 28.933 6.083
100.000 597.857 9.917
100.000 458.209 2.833
100.000 404.985 2.912
100.000 304.352 544.174
100.000 524.789 597.610
100.000 419.385 590.561
100.000 413.828 584.020
100.000 407.260 578.697
100.000 223.607 586.273
100.000 83.607 597.537
100.000 12.696 545.572
100.000 373.314 544.256
100.000 170.446 522.347
100.000 47.627 520.270
100.000 310.426 512.350
100.000 502.140 506.360
100.000 275.433 477.745
100.000 236.499 464.563
100.000 435.352 499.572
100.000 567.765 495.864
100.000 436.025 484.598
100.000 511.908 479.492
100.000 49.855 472.717
100.000 77.753 471.071
100.000 77.890 464.353
100.000 469.004 461.285
100.000 32.968 443.677
100.000 315.585 432.999
100.000 68.036 430.092
100.000 88.875 425.732
100.000 533.487 426.177
100.000 145.427 425.182
100.000 554.452 416.967
100.000 122.452 401.830
100.000 598.610 384.803
100.000 346.115 381.868
100.000 236.094 379.776
100.000 220.802 378.388
100.000 5.501 363.432
100.000 474.722 376.370
100.000 144.459 349.287
100.000 160.035 328.604
100.000 314.020 371.361
100.000 579.694 358.549
100.000 82.364 334.357
100.000 555.595 337.839
100.000 532.729 336.245
100.000 522.466 334.752
100.000 218.429 330.839
100.000 503.812 333.642
100.000 487.459 324.625
100.000 370.644 321.367
100.000 388.846 323.727
100.000 431.573 326.279
100.000 348.688 319.238
100.000 262.306 311.723
100.000 355.442 306.589
100.000 290.825 306.484
100.000 65.883 300.136
100.000 493.984 284.079
100.000 319.923 267.556
100.000 23.572 267.539
100.000 368.814 267.061
100.000 235.346 258.841
100.000 548.639 253.953
100.000 463.863 242.126
100.000 595.000 229.474
100.000 71.952 233.982
100.000 381.630 232.052
100.000 445.512 220.426
100.000 458.315 217.617
100.000 461.267 208.659
100.000 197.377 219.131
100.000 362.686 207.921
100.000 155.310 205.162
100.000 68.491 203.785
100.000 493.011 584.479
100.000 131.138 193.362
100.000 299.727 193.911
100.000 110.988 189.459
100.000 524.224 171.180
100.000 511.883 163.186
100.000 336.029 165.130
100.000 562.880 154.596
100.000 274.570 152.145
100.000 442.498 201.776
100.000 480.567 125.794
100.000 55.105 127.560
100.000 207.216 126.353
100.000 213.126 118.327
100.000 422.191 117.426
100.000 257.762 101.182
100.000 133.281 104.887
100.000 284.242 103.136
100.000 126.811 92.669
100.000 112.629 96.059
100.000 398.395 592.992
100.000 576.547 82.542
100.000 104.877 74.483
100.000 27.374 73.879
100.000 47.936 66.274
100.000 391.375 589.939
100.000 537.967 43.051
100.000 173.776 589.560
100.000 442.266 585.320
100.000 395.586 563.542
100.000 461.076 27.564
100.000 18.243 567.526
100.000 2.259 566.455
100.000 553.019 544.652
