100.000 43.817 69.135
100.000 592.311 40.097
100.000 577.427 26.984
100.000 312.637 43.168
100.000 208.396 42.078
100.000 562.403 28.427
100.000 177.804 25.962
100.000 199.673 39.961
100.000 163.143 19.305
100.000 32.338 19.450
100.000 393.660 9.564
100.000 529.542 10.927
100.000 142.239 7.381
100.000 490.629 6.890
100.000 381.298 9.432
100.000 81.754 5.312
100.000 346.157 566.082
100.000 133.305 596.847
100.000 451.152 566.763
100.000 589.161 559.734
100.000 498.777 549.508
100.000 474.767 546.189
100.000 462.348 547.729
100.000 196.571 549.962
100.000 36.104 554.463
100.000 545.032 552.487
100.000 190.234 539.984
100.000 426.416 540.548
100.000 204.874 539.643
100.000 525.008 562.275
100.000 93.418 531.152
100.000 261.151 527.677
100.000 517.195 533.585
100.000 592.085 530.519
100.000 162.821 529.245
100.000 139.216 524.297
100.000 202.495 512.424
100.000 513.362 515.301
100.000 109.101 503.251
100.000 28.238 499.111
100.000 342.385 483.634
100.000 570.540 479.873
100.000 128.383 476.774
100.000 289.309 473.912
100.000 26.209 466.696
100.000 594.536 465.414
100.000 536.655 460.137
100.000 224.669 460.032
100.000 208.645 448.174
100.000 158.236 459.252
100.000 44.191 444.359
100.000 176.346 440.005
100.000 31.764 440.799
100.000 430.294 434.944
100.000 403.341 437.517
100.000 549.576 419.659
100.000 346.468 428.739
100.000 233.580 428.127
100.000 439.597 424.554
100.000 370.715 422.736
100.000 496.812 415.035
100.000 125.885 412.928
100.000 488.738 406.280
100.000 485.084 399.876
100.000 281.455 404.361
100.000 188.236 390.928
100.000 576.594 382.067
100.000 511.790 384.130
100.000 319.795 383.543
100.000 465.846 380.046
100.000 395.089 380.748
100.000 161.175 402.770
100.000 50.373 366.665
100.000 133.176 376.213
100.000 551.428 365.527
100.000 506.654 353.173
100.000 558.859 377.359
100.000 158.930 351.993
100.000 469.016 345.871
100.000 375.935 350.377
100.000 42.070 348.540
100.000 118.733 348.833
100.000 360.480 347.906
100.000 254.498 344.946
100.000 220.353 336.743
100.000 573.983 339.678
100.000 267.073 335.793
100.000 188.841 332.219
100.000 46.038 317.059
100.000 536.432 366.102
100.000 518.992 313.533
100.000 256.604 305.428
100.000 438.707 309.942
100.000 168.493 308.907
100.000 155.171 286.474
100.000 165.310 296.502
100.000 391.238 308.305
100.000 211.982 304.775
100.000 330.109 303.534
100.000 24.143 313.485
100.000 180.657 296.304
100.000 189.324 281.865
100.000 184.121 276.467
100.000 311.011 300.500
100.000 448.561 290.526
100.000 73.607 296.034
100.000 25.215 292.560
100.000 102.412 323.020
100.000 369.801 285.902
100.000 24.084 284.526
100.000 12.858 278.380
100.000 407.062 295.803
100.000 256.301 275.834
100.000 217.190 268.218
100.000 393.161 273.003
100.000 234.035 271.079
100.000 173.101 269.492
100.000 424.548 265.270
100.000 367.380 265.946
100.000 333.447 255.065
100.000 552.680 253.219
100.000 167.061 256.436
100.000 7.860 256.818
100.000 561.913 260.305
100.000 316.601 249.067
100.000 571.555 268.850
100.000 513.447 249.025
100.000 128.518 246.901
100.000 120.708 238.663
100.000 471.688 244.556
100.000 502.136 238.425
100.000 185.999 237.875
100.000 99.925 235.816
100.000 82.669 233.719
100.000 152.354 264.244
100.000 476.255 231.726
100.000 122.246 224.849
100.000 120.876 207.745
100.000 275.147 222.535
100.000 506.311 218.575
100.000 284.327 214.150
100.000 338.992 210.614
100.000 166.891 213.265
100.000 581.534 209.803
100.000 155.569 208.289
100.000 206.702 201.564
100.000 488.567 185.979
100.000 133.195 191.566
100.000 104.983 193.027
100.000 147.790 188.844
100.000 96.109 188.742
100.000 78.681 199.313
100.000 18.322 181.229
100.000 129.964 176.900
100.000 1.992 195.394
100.000 106.700 161.159
100.000 64.268 165.591
100.000 180.417 162.269
100.000 208.934 154.532
100.000 350.180 149.628
100.000 463.231 222.757
100.000 486.695 145.526
100.000 314.807 139.546
100.000 211.443 136.272
100.000 485.717 127.576
100.000 294.894 132.479
100.000 41.490 128.796
100.000 509.513 125.175
100.000 51.338 167.469
100.000 528.120 104.104
100.000 209.658 109.698
100.000 110.720 103.871
100.000 216.534 102.491
100.000 433.647 101.587
100.000 392.368 96.730
100.000 406.642 92.418
100.000 267.872 83.418
100.000 534.240 83.147
100.000 471.153 107.874
100.000 373.452 82.572
100.000 298.419 78.207
100.000 466.080 596.243
100.000 122.711 77.285
100.000 213.568 66.745
100.000 216.269 59.590
100.000 179.562 62.780
100.000 109.712 61.679
100.000 385.769 56.252
100.000 405.743 55.878
100.000 143.343 54.542
100.000 327.195 52.881
100.000 121.921 50.787
100.000 381.909 591.123
100.000 36.778 596.051
100.000 345.852 594.904
100.000 532.253 588.930
100.000 37.267 44.500
100.000 498.678 40.788
100.000 415.298 41.795
100.000 258.362 38.877
100.000 348.730 38.051
100.000 94.520 37.159
100.000 350.759 71.361
100.000 437.731 591.151
100.000 285.560 31.828
100.000 174.983 32.969
100.000 441.855 572.306
100.000 569.610 575.598
100.000 565.202 557.263
100.000 360.349 579.758
100.000 361.841 567.639
100.000 454.473 579.246
100.000 491.959 575.495
100.000 372.986 572.864
100.000 518.911 573.279
