100.000 528.183 108.058
100.000 27.813 78.232
100.000 231.426 46.325
100.000 527.349 24.429
100.000 527.666 45.569
100.000 29.875 11.731
100.000 198.352 5.426
100.000 88.395 5.071
100.000 512.045 530.706
100.000 531.500 595.079
100.000 530.968 524.319
100.000 29.553 521.605
100.000 7.027 522.363
100.000 362.410 502.191
100.000 530.937 494.928
100.000 31.119 503.130
100.000 489.409 487.701
100.000 508.748 479.340
100.000 516.054 471.109
100.000 530.432 461.543
100.000 597.762 470.427
100.000 374.798 476.993
100.000 338.503 473.419
100.000 555.920 460.286
100.000 273.189 453.273
100.000 362.439 442.297
100.000 12.169 432.743
100.000 461.031 420.009
100.000 436.572 419.749
100.000 351.991 424.993
100.000 355.993 423.491
100.000 92.504 423.711
100.000 398.909 449.061
100.000 29.784 418.075
100.000 530.258 406.278
100.000 29.841 401.320
100.000 529.886 393.141
100.000 3.512 384.495
100.000 5.428 380.669
100.000 528.705 367.748
100.000 528.628 350.378
100.000 30.419 369.956
100.000 127.011 366.040
100.000 195.774 371.248
100.000 204.809 368.136
100.000 274.706 367.293
100.000 297.882 370.916
100.000 289.012 367.635
100.000 463.663 367.017
100.000 401.695 366.916
100.000 94.904 370.172
100.000 77.331 368.460
100.000 367.067 367.134
100.000 337.660 366.816
100.000 326.873 367.141
100.000 505.621 366.073
100.000 547.576 351.722
100.000 29.506 346.517
100.000 30.314 343.336
100.000 311.347 334.374
100.000 150.583 370.560
100.000 28.735 322.685
100.000 29.514 253.397
100.000 29.241 275.345
100.000 29.214 302.717
100.000 29.351 292.858
100.000 7.444 314.437
100.000 360.540 313.138
100.000 529.500 288.414
100.000 230.328 291.146
100.000 244.454 290.353
100.000 214.352 277.988
100.000 529.389 256.217
100.000 528.336 247.570
100.000 529.298 239.896
100.000 29.059 225.386
100.000 528.634 216.588
100.000 270.107 210.359
100.000 29.062 206.684
100.000 28.266 195.627
100.000 28.467 181.202
100.000 528.246 201.007
100.000 528.492 187.942
100.000 4.610 198.367
100.000 446.917 195.782
100.000 347.714 183.683
100.000 95.083 181.018
100.000 528.390 84.922
100.000 528.404 145.308
100.000 528.456 123.939
100.000 199.513 588.233
100.000 478.964 134.976
100.000 467.984 150.399
100.000 29.173 142.869
100.000 382.165 136.043
100.000 162.132 131.386
100.000 243.445 592.627
100.000 410.247 114.280
100.000 322.872 101.185
100.000 74.988 96.079
100.000 174.229 108.561
100.000 550.272 88.637
100.000 410.042 81.663
100.000 144.806 64.484
100.000 31.378 592.229
100.000 273.652 38.246
100.000 27.570 121.324
100.000 528.072 57.606
100.000 531.000 571.482
100.000 30.981 558.681
100.000 187.688 31.461
100.000 532.090 549.732
100.000 220.892 544.987
