100.000 284.025 413.362
100.000 144.997 338.580
100.000 56.054 291.447
100.000 264.454 61.277
100.000 112.164 26.323
100.000 588.207 568.075
100.000 491.430 555.911
100.000 302.302 521.214
100.000 359.345 526.334
100.000 281.029 513.368
100.000 298.182 496.816
100.000 178.236 495.307
100.000 163.357 494.313
100.000 228.212 484.823
100.000 120.288 472.318
100.000 391.281 473.786
100.000 254.116 465.020
100.000 491.519 459.311
100.000 385.430 457.095
100.000 334.021 441.171
100.000 350.146 588.838
100.000 209.044 372.953
100.000 376.730 581.905
100.000 357.978 440.692
100.000 334.393 428.202
100.000 301.335 409.476
100.000 282.606 398.952
100.000 147.784 422.807
100.000 230.142 410.494
100.000 73.019 408.855
100.000 80.846 387.145
100.000 590.886 340.223
100.000 22.439 317.911
100.000 319.123 305.216
100.000 30.811 301.164
100.000 571.355 288.575
100.000 116.079 281.808
100.000 169.782 283.006
100.000 522.059 276.196
100.000 343.421 252.004
100.000 590.148 225.536
100.000 102.793 316.246
100.000 202.611 203.434
100.000 321.897 203.596
100.000 34.617 186.780
100.000 18.588 271.440
100.000 451.000 146.716
100.000 597.728 138.284
100.000 215.111 141.414
100.000 590.508 580.369
100.000 44.876 111.865
100.000 454.225 103.778
100.000 51.979 100.456
100.000 507.558 85.082
100.000 412.639 577.132
100.000 150.476 63.154
100.000 454.174 72.448
