100.000 109.736 42.453
100.000 558.891 46.607
100.000 182.447 21.733
100.000 208.828 25.932
100.000 106.403 21.615
100.000 114.595 21.401
100.000 115.824 13.806
100.000 476.809 21.594
100.000 18.012 15.878
100.000 547.381 11.754
100.000 394.392 12.482
100.000 417.265 14.805
100.000 285.957 3.315
100.000 63.251 564.711
100.000 52.080 557.350
100.000 241.750 564.082
100.000 3.238 582.572
100.000 107.251 556.285
100.000 349.912 545.159
100.000 407.109 550.596
100.000 69.118 541.689
100.000 75.954 539.078
100.000 56.851 535.197
100.000 529.226 525.786
100.000 249.951 526.006
100.000 255.119 522.511
100.000 160.872 522.087
100.000 518.446 516.805
100.000 306.170 524.304
100.000 389.750 518.926
100.000 63.423 519.306
100.000 119.189 513.908
100.000 527.864 511.940
100.000 147.593 506.749
100.000 154.681 507.260
100.000 40.339 508.158
100.000 541.258 503.262
100.000 182.328 505.216
100.000 585.778 477.099
100.000 138.938 500.473
100.000 446.751 496.497
100.000 489.165 489.710
100.000 387.363 493.303
100.000 8.244 481.486
100.000 330.206 488.812
100.000 381.955 478.966
100.000 349.000 483.622
100.000 214.251 477.633
100.000 166.815 478.361
100.000 294.406 478.511
100.000 529.846 488.767
100.000 556.094 463.763
100.000 523.587 470.960
100.000 534.846 468.880
100.000 130.077 469.641
100.000 355.389 463.267
100.000 556.147 472.976
100.000 535.943 458.511
100.000 438.807 450.224
100.000 259.195 449.087
100.000 193.654 444.409
100.000 197.763 429.405
100.000 453.032 447.522
100.000 345.743 446.724
100.000 296.738 442.396
100.000 490.124 439.352
100.000 127.584 432.437
100.000 466.552 445.115
100.000 298.197 434.569
100.000 33.010 423.688
100.000 470.455 420.393
100.000 163.576 420.490
100.000 419.211 413.269
100.000 231.989 411.030
100.000 92.714 411.804
100.000 331.347 410.399
100.000 588.371 398.480
100.000 330.081 397.877
100.000 554.596 393.549
100.000 34.558 386.256
100.000 34.567 369.790
100.000 273.302 392.923
100.000 521.178 389.820
100.000 484.444 385.831
100.000 421.255 378.763
100.000 253.261 379.845
100.000 235.428 373.305
100.000 224.873 371.974
100.000 588.658 369.350
100.000 187.095 369.335
100.000 156.467 358.158
100.000 325.889 365.478
100.000 597.606 356.651
100.000 202.100 356.740
100.000 100.684 348.594
100.000 34.066 346.853
100.000 403.795 351.902
100.000 76.368 348.898
100.000 207.566 350.809
100.000 565.297 345.052
100.000 266.872 346.209
100.000 196.056 338.192
100.000 162.383 341.158
100.000 356.106 354.457
100.000 85.767 341.009
100.000 435.170 334.740
100.000 230.508 329.134
100.000 339.639 326.038
100.000 292.464 317.403
100.000 235.187 318.725
100.000 562.542 311.649
100.000 202.836 314.981
100.000 392.627 313.197
100.000 214.042 310.719
100.000 494.438 305.510
100.000 8.094 306.843
100.000 361.818 303.651
100.000 409.810 302.061
100.000 443.718 299.582
100.000 118.629 300.145
100.000 98.857 295.938
100.000 321.953 292.969
100.000 78.484 289.387
100.000 583.812 289.991
100.000 385.942 287.930
100.000 294.664 285.992
100.000 74.161 265.265
100.000 588.565 280.235
100.000 348.588 277.648
100.000 53.995 274.983
100.000 469.023 272.003
100.000 72.956 277.305
100.000 136.207 270.330
100.000 121.457 268.697
100.000 395.692 264.841
100.000 369.964 261.438
100.000 221.222 264.230
100.000 559.854 258.302
100.000 189.632 260.980
100.000 135.607 258.366
100.000 203.716 257.206
100.000 65.043 254.687
100.000 76.290 245.188
100.000 68.398 240.739
100.000 589.350 252.310
100.000 194.611 240.934
100.000 355.943 232.643
100.000 368.536 221.493
100.000 429.802 232.546
100.000 79.126 229.593
100.000 6.949 224.116
100.000 313.969 224.489
100.000 258.906 221.658
100.000 184.304 221.598
100.000 425.698 217.448
100.000 29.924 218.386
100.000 82.014 216.693
100.000 567.152 231.553
100.000 580.979 210.000
100.000 150.296 203.873
100.000 84.253 197.628
100.000 292.964 185.528
100.000 87.174 183.427
100.000 88.402 174.003
100.000 89.716 161.554
100.000 9.668 182.372
100.000 537.987 180.799
100.000 237.294 163.894
100.000 374.764 173.345
100.000 288.372 170.079
100.000 451.060 165.861
100.000 7.661 162.787
100.000 398.726 162.573
100.000 121.281 160.473
100.000 65.147 154.321
100.000 373.209 155.856
100.000 553.735 152.116
100.000 448.837 137.353
100.000 172.377 142.872
100.000 354.262 136.756
100.000 487.151 133.577
100.000 96.398 125.739
100.000 98.656 115.091
100.000 470.379 125.138
100.000 72.117 118.192
100.000 539.999 115.534
100.000 182.233 108.068
100.000 104.909 75.132
100.000 100.826 99.549
100.000 103.695 84.933
100.000 490.961 99.579
100.000 382.480 95.553
100.000 169.929 100.132
100.000 527.504 98.565
100.000 80.314 98.638
100.000 112.920 95.024
100.000 569.090 89.781
100.000 264.505 92.233
100.000 536.554 86.727
100.000 497.938 82.499
100.000 436.325 80.288
100.000 338.938 87.243
100.000 385.877 70.980
100.000 344.674 72.282
100.000 275.370 69.410
100.000 202.077 57.648
100.000 205.775 66.912
100.000 222.027 67.457
100.000 258.748 65.363
100.000 514.663 63.215
100.000 157.681 590.650
100.000 568.482 49.431
100.000 92.544 594.241
100.000 202.071 47.552
100.000 430.155 46.849
100.000 3.547 38.758
100.000 180.097 39.806
100.000 255.887 54.359
100.000 161.097 35.657
100.000 40.354 35.976
100.000 416.154 34.552
100.000 81.790 595.448
100.000 576.290 27.047
100.000 234.121 28.489
100.000 121.935 587.065
100.000 72.288 583.020
100.000 78.673 576.379
100.000 324.525 581.238
100.000 506.234 576.725
100.000 26.691 580.774
100.000 565.897 574.119
100.000 465.102 576.686
100.000 402.738 573.393
