100.000 538.307 22.810
100.000 320.933 19.583
100.000 138.801 7.063
100.000 12.054 8.197
100.000 535.009 576.937
100.000 338.531 595.433
100.000 64.418 591.128
100.000 466.490 570.084
100.000 2.238 567.942
100.000 68.747 563.166
100.000 143.153 578.902
100.000 384.103 556.976
100.000 179.755 556.643
100.000 372.353 539.096
100.000 596.230 529.197
100.000 108.404 527.277
100.000 313.132 527.836
100.000 536.058 516.545
100.000 212.682 534.835
100.000 563.540 494.738
100.000 427.284 483.236
100.000 77.225 463.035
100.000 175.038 446.350
100.000 455.207 458.054
100.000 433.770 450.398
100.000 409.441 449.303
100.000 162.132 422.017
100.000 577.861 413.095
100.000 465.577 415.894
100.000 3.464 409.039
100.000 193.300 402.079
100.000 408.642 403.168
100.000 412.807 410.438
100.000 404.548 382.109
100.000 140.698 384.751
100.000 261.969 358.497
100.000 310.776 356.740
100.000 11.484 348.743
100.000 524.560 343.577
100.000 119.775 337.331
100.000 567.778 326.294
100.000 365.833 320.051
100.000 254.129 299.887
100.000 248.199 292.307
100.000 331.031 302.422
100.000 31.012 289.961
100.000 327.054 272.680
100.000 141.980 279.468
100.000 469.818 266.508
100.000 531.818 237.687
100.000 147.894 239.560
100.000 585.704 235.289
100.000 482.179 232.815
100.000 371.505 233.291
100.000 181.978 231.769
100.000 498.803 219.186
100.000 312.917 215.052
100.000 361.295 217.895
100.000 590.002 208.787
100.000 249.514 220.606
100.000 100.213 204.052
100.000 163.441 203.836
100.000 124.679 200.494
100.000 449.054 196.247
100.000 414.969 186.658
100.000 433.980 186.145
100.000 79.961 172.380
100.000 172.162 171.642
100.000 46.129 168.424
100.000 78.115 155.727
100.000 285.407 150.510
100.000 586.330 142.384
100.000 188.317 138.872
100.000 92.638 138.941
100.000 463.415 138.066
100.000 62.091 121.746
100.000 13.296 109.257
100.000 465.402 92.389
100.000 494.926 90.165
100.000 494.262 83.613
100.000 379.437 90.876
100.000 400.721 87.348
100.000 240.625 67.694
100.000 448.987 63.264
100.000 357.070 57.804
100.000 562.682 45.108
100.000 207.458 584.044
100.000 269.687 28.054
100.000 399.432 576.362
100.000 585.232 586.048
