100.000 206.469 73.945
100.000 155.666 52.540
100.000 477.029 23.535
100.000 474.353 44.315
100.000 524.515 31.205
100.000 282.985 27.826
100.000 540.217 8.124
100.000 556.771 7.671
100.000 535.465 25.640
100.000 537.211 19.636
100.000 9.208 33.001
100.000 187.150 35.895
100.000 467.896 13.658
100.000 508.815 7.291
100.000 71.959 24.567
100.000 240.440 33.419
100.000 180.839 598.599
100.000 335.148 547.295
100.000 406.107 543.962
100.000 114.432 542.275
100.000 280.704 542.051
100.000 299.128 536.252
100.000 562.289 530.557
100.000 162.313 532.575
100.000 70.724 531.287
100.000 535.540 526.622
100.000 542.852 523.632
100.000 593.822 515.434
100.000 127.049 515.078
100.000 443.159 501.853
100.000 433.597 503.369
100.000 435.479 482.899
100.000 575.813 490.398
100.000 239.260 499.392
100.000 406.489 492.456
100.000 533.817 484.434
100.000 411.714 475.743
100.000 55.435 475.980
100.000 376.937 467.146
100.000 134.799 464.129
100.000 28.388 450.227
100.000 441.358 407.647
100.000 440.444 426.546
100.000 79.949 439.339
100.000 564.988 437.578
100.000 251.550 437.488
100.000 63.813 430.937
100.000 503.530 425.312
100.000 341.540 421.804
100.000 528.862 418.393
100.000 155.990 416.817
100.000 247.723 413.855
100.000 573.334 409.137
100.000 24.305 402.800
100.000 478.596 401.145
100.000 419.342 390.395
100.000 384.144 384.344
100.000 141.993 382.387
100.000 554.597 380.679
100.000 446.112 361.178
100.000 502.854 354.074
100.000 505.464 346.419
100.000 503.481 374.436
100.000 233.341 367.732
100.000 332.519 367.695
100.000 343.748 363.362
100.000 262.748 366.944
100.000 318.133 366.349
100.000 193.935 369.814
100.000 93.404 365.119
100.000 551.995 365.990
100.000 177.845 366.854
100.000 575.890 362.954
100.000 531.538 362.812
100.000 517.085 357.789
100.000 295.214 357.186
100.000 277.737 352.188
100.000 264.685 343.891
100.000 412.023 349.462
100.000 276.222 340.358
100.000 283.640 323.171
100.000 335.652 341.180
100.000 234.827 340.195
100.000 428.913 339.003
100.000 578.424 335.069
100.000 449.315 326.491
100.000 216.189 330.033
100.000 263.144 333.371
100.000 385.561 330.309
100.000 540.926 325.119
100.000 463.070 325.022
100.000 358.869 322.902
100.000 41.845 320.970
100.000 394.464 319.454
100.000 75.977 318.370
100.000 77.456 307.932
100.000 84.530 289.169
100.000 322.831 283.688
100.000 520.670 301.693
100.000 442.271 304.781
100.000 251.738 297.111
100.000 115.040 296.512
100.000 124.730 290.077
100.000 216.074 292.887
100.000 452.838 288.195
100.000 143.034 284.569
100.000 121.422 280.186
100.000 124.371 270.395
100.000 390.885 280.743
100.000 535.570 279.074
100.000 69.544 275.072
100.000 286.152 297.831
100.000 43.406 274.512
100.000 303.718 299.842
100.000 351.644 272.742
100.000 4.896 268.177
100.000 250.555 266.969
100.000 129.832 272.377
100.000 545.577 269.137
100.000 455.771 259.705
100.000 399.717 262.953
100.000 80.383 255.594
100.000 112.276 257.593
100.000 31.680 251.894
100.000 521.401 247.395
100.000 322.130 248.223
100.000 457.277 243.871
100.000 37.181 225.570
100.000 422.441 239.059
100.000 400.198 217.742
100.000 519.780 194.569
100.000 459.214 224.412
100.000 418.206 199.795
100.000 451.170 196.054
100.000 463.214 190.403
100.000 442.462 185.929
100.000 465.470 172.508
100.000 488.717 211.702
100.000 457.638 209.206
100.000 589.041 214.890
100.000 582.583 222.876
100.000 546.952 222.696
100.000 568.774 223.930
100.000 562.951 220.025
100.000 555.472 216.158
100.000 218.310 221.725
100.000 437.674 211.518
100.000 571.861 207.779
100.000 103.040 197.012
100.000 583.966 196.693
100.000 595.408 189.885
100.000 495.431 194.131
100.000 291.111 190.386
100.000 575.202 194.616
100.000 210.910 189.784
100.000 538.461 185.188
100.000 552.671 180.752
100.000 561.972 177.705
100.000 597.046 175.047
100.000 573.561 174.905
100.000 325.689 166.191
100.000 506.245 170.638
100.000 339.233 161.044
100.000 195.428 164.524
100.000 443.915 158.170
100.000 450.317 153.909
100.000 463.944 145.048
100.000 472.839 139.578
100.000 492.158 159.899
100.000 511.493 151.940
100.000 140.263 159.794
100.000 528.670 156.986
100.000 372.985 151.952
100.000 377.607 134.687
100.000 390.188 128.574
100.000 404.502 121.630
100.000 361.331 149.942
100.000 365.381 143.820
100.000 596.726 146.788
100.000 381.808 147.179
100.000 305.500 146.764
100.000 94.489 138.729
100.000 559.286 141.765
100.000 166.385 143.754
100.000 543.907 138.008
100.000 228.589 136.613
100.000 523.634 146.899
100.000 497.980 124.723
100.000 36.947 124.900
100.000 33.495 113.671
100.000 467.259 122.148
100.000 534.590 125.334
100.000 358.627 121.350
100.000 467.622 102.745
100.000 440.263 114.738
100.000 451.301 108.483
100.000 423.301 112.481
100.000 437.154 106.161
100.000 453.533 98.375
100.000 469.950 91.168
100.000 515.479 114.974
100.000 473.097 110.614
100.000 307.878 105.038
100.000 321.692 92.281
100.000 527.566 87.892
100.000 497.270 84.277
100.000 512.492 83.954
100.000 590.566 101.498
100.000 575.218 100.751
100.000 4.213 104.597
100.000 258.864 99.861
100.000 263.009 96.794
100.000 220.064 99.049
100.000 517.893 97.056
100.000 406.538 89.784
100.000 104.231 85.154
100.000 121.936 89.947
100.000 110.758 90.283
100.000 112.751 83.080
100.000 595.658 88.301
100.000 346.561 90.234
100.000 149.863 88.603
100.000 54.437 89.641
100.000 161.408 87.259
100.000 74.267 87.015
100.000 544.097 96.696
100.000 343.378 80.892
100.000 3.316 83.635
100.000 291.000 585.415
100.000 212.994 58.339
100.000 33.989 80.929
100.000 597.082 73.261
100.000 437.545 71.859
100.000 321.477 72.261
100.000 184.956 72.762
100.000 500.339 63.892
100.000 369.820 67.536
100.000 150.811 586.255
100.000 381.666 61.199
100.000 461.080 56.790
100.000 52.405 581.903
100.000 486.906 53.950
100.000 63.493 582.972
100.000 415.246 58.424
100.000 363.519 56.362
100.000 355.507 43.569
100.000 395.484 55.560
100.000 405.822 52.501
100.000 424.302 47.425
100.000 384.550 42.923
100.000 333.270 43.371
100.000 439.591 40.466
100.000 493.027 40.803
100.000 492.893 34.453
100.000 511.446 35.011
100.000 551.457 577.605
100.000 175.276 570.636
100.000 377.169 26.926
100.000 565.912 26.278
100.000 27.747 566.413
100.000 246.591 561.775
100.000 247.232 551.302
100.000 245.010 541.698
100.000 183.530 580.806
100.000 54.059 562.383
100.000 514.989 557.766
100.000 511.173 60.105
100.000 71.250 554.769
100.000 584.011 548.514
