100.000 121.604 38.272
100.000 138.391 18.909
100.000 208.945 18.823
100.000 192.159 14.712
100.000 240.357 15.714
100.000 531.499 6.752
100.000 567.172 537.905
100.000 396.284 596.023
100.000 454.992 536.234
100.000 334.640 534.314
100.000 309.319 526.001
100.000 459.189 522.696
100.000 166.754 523.190
100.000 128.055 503.023
100.000 32.647 502.406
100.000 511.016 569.514
100.000 559.630 468.547
100.000 84.943 467.336
100.000 249.838 453.656
100.000 107.061 462.930
100.000 472.550 440.431
100.000 532.511 443.655
100.000 205.249 415.912
100.000 18.814 415.762
100.000 84.716 396.960
100.000 374.529 378.975
100.000 271.717 350.221
100.000 308.863 336.199
100.000 136.024 333.099
100.000 198.046 300.658
100.000 288.261 307.921
100.000 332.260 301.184
100.000 581.219 268.711
100.000 280.829 244.488
100.000 136.599 239.635
100.000 463.743 235.890
100.000 50.243 227.744
100.000 7.091 234.801
100.000 23.314 231.707
100.000 303.827 231.112
100.000 411.548 222.245
100.000 534.018 219.907
100.000 216.965 201.446
100.000 127.001 190.519
100.000 598.731 178.784
100.000 296.134 176.981
100.000 525.026 169.210
100.000 268.067 166.661
100.000 216.459 158.943
100.000 217.519 147.472
100.000 564.196 141.429
100.000 146.466 137.858
100.000 166.291 132.114
100.000 466.519 127.638
100.000 36.949 166.893
100.000 14.078 161.692
100.000 206.987 119.984
100.000 4.278 103.895
100.000 149.902 102.423
100.000 62.706 90.877
100.000 201.913 87.855
100.000 495.112 89.916
100.000 266.468 83.206
100.000 364.452 78.919
100.000 431.837 73.893
100.000 537.097 45.739
100.000 321.256 47.010
100.000 12.609 593.516
100.000 350.221 37.923
100.000 285.337 34.699
100.000 30.454 560.351
100.000 522.380 565.482
100.000 555.821 556.685
100.000 410.683 533.620
