100.000 533.581 60.021
100.000 142.683 35.986
100.000 489.932 7.042
100.000 349.211 2.000
100.000 437.025 577.577
100.000 257.042 580.168
100.000 127.600 580.955
100.000 541.822 570.265
100.000 141.992 559.164
100.000 147.157 547.326
100.000 31.070 540.335
100.000 381.164 531.032
100.000 214.527 538.719
100.000 382.379 516.880
100.000 259.740 507.545
100.000 485.082 495.829
100.000 396.263 489.361
100.000 7.545 487.349
100.000 257.004 479.436
100.000 411.904 472.866
100.000 155.770 459.883
100.000 155.378 443.620
100.000 354.342 443.889
100.000 201.970 441.380
100.000 384.438 439.643
100.000 418.096 431.523
100.000 458.758 435.219
100.000 73.933 434.673
100.000 156.113 426.810
100.000 93.809 405.734
100.000 156.453 375.613
100.000 279.504 374.249
100.000 436.456 371.286
100.000 309.194 366.933
100.000 180.821 340.462
100.000 497.907 317.686
100.000 340.069 305.739
100.000 292.187 303.880
100.000 458.214 295.570
100.000 309.219 300.749
100.000 531.115 278.249
100.000 154.893 280.968
100.000 502.032 276.614
100.000 377.256 256.413
100.000 110.875 239.570
100.000 249.417 232.681
100.000 4.342 221.421
100.000 481.371 224.120
100.000 249.982 207.033
100.000 41.843 241.801
100.000 579.246 188.784
100.000 490.098 174.553
100.000 154.104 172.570
100.000 268.452 172.140
100.000 92.609 173.089
100.000 364.359 169.406
100.000 260.784 196.608
100.000 304.501 163.593
100.000 6.711 160.403
100.000 165.568 144.341
100.000 225.992 126.678
100.000 362.305 101.208
100.000 154.764 583.236
100.000 155.907 94.564
100.000 234.738 90.523
100.000 154.267 80.257
100.000 242.707 75.436
100.000 400.896 68.085
100.000 102.778 64.192
100.000 108.210 58.465
100.000 162.912 60.557
100.000 27.851 591.614
100.000 469.149 581.296
