100.000 541.038 72.222
100.000 176.016 65.855
100.000 67.873 9.787
100.000 403.039 588.309
100.000 168.127 596.017
100.000 47.132 587.491
100.000 45.499 577.519
100.000 209.584 582.444
100.000 359.777 581.493
100.000 175.243 576.031
100.000 226.745 571.207
100.000 97.572 571.533
100.000 69.760 572.944
100.000 297.979 573.041
100.000 209.653 571.594
100.000 21.535 560.053
100.000 244.311 562.663
100.000 57.800 561.025
100.000 448.593 552.067
100.000 224.747 541.000
100.000 259.130 537.847
100.000 555.991 527.545
100.000 229.839 523.040
100.000 226.840 516.321
100.000 516.396 520.370
100.000 141.994 519.217
100.000 412.723 504.489
100.000 451.915 484.162
100.000 573.931 471.122
100.000 511.719 483.000
100.000 178.214 472.822
100.000 415.865 459.404
100.000 347.820 450.250
100.000 334.050 488.509
100.000 146.393 438.638
100.000 535.880 421.504
100.000 528.384 418.151
100.000 126.562 400.584
100.000 380.719 391.276
100.000 2.850 418.271
100.000 359.841 361.375
100.000 124.101 369.821
100.000 135.907 351.155
100.000 56.475 352.445
100.000 455.158 347.245
100.000 206.653 335.950
100.000 317.894 322.052
100.000 198.128 322.467
100.000 140.605 310.411
100.000 263.294 298.690
100.000 112.816 296.554
100.000 58.459 276.534
100.000 83.401 279.990
100.000 255.467 266.145
100.000 384.028 262.246
100.000 14.932 258.228
100.000 468.752 256.471
100.000 183.578 248.764
100.000 450.512 239.249
100.000 522.430 240.336
100.000 381.523 233.881
100.000 597.420 237.869
100.000 140.105 236.007
100.000 517.076 208.861
100.000 538.893 196.054
100.000 171.936 198.720
100.000 150.862 271.137
100.000 106.558 189.099
100.000 135.321 187.184
100.000 497.660 171.328
100.000 415.294 169.566
100.000 3.948 157.275
100.000 511.261 139.710
100.000 62.975 132.740
100.000 463.659 120.209
100.000 504.326 111.570
100.000 590.868 104.820
100.000 140.448 93.341
100.000 490.721 93.739
100.000 192.229 84.069
100.000 80.148 80.229
100.000 253.415 82.029
100.000 239.600 596.356
100.000 227.617 588.272
100.000 100.610 73.440
100.000 435.350 55.248
100.000 26.938 31.393
100.000 6.857 20.818
