100.000 314.185 249.871
100.000 70.043 83.344
100.000 83.676 47.565
100.000 276.175 42.351
100.000 191.632 32.123
100.000 211.715 25.908
100.000 511.022 9.500
100.000 505.108 18.218
100.000 346.966 18.860
100.000 373.609 10.461
100.000 126.626 13.667
100.000 320.130 5.784
100.000 570.116 3.589
100.000 533.257 1.905
100.000 294.485 20.176
100.000 487.635 557.268
100.000 450.827 594.996
100.000 385.200 597.722
100.000 87.453 596.788
100.000 32.317 598.670
100.000 481.093 504.643
100.000 477.938 526.261
100.000 481.532 540.696
100.000 489.224 534.462
100.000 395.003 556.524
100.000 145.583 555.245
100.000 463.571 557.010
100.000 345.216 550.757
100.000 321.593 545.038
100.000 91.404 548.409
100.000 514.572 546.337
100.000 262.082 543.983
100.000 28.189 535.043
100.000 446.614 527.051
100.000 129.053 526.971
100.000 180.066 528.409
100.000 165.031 528.026
100.000 236.687 523.101
100.000 581.820 526.711
100.000 340.072 524.459
100.000 351.848 523.226
100.000 543.493 546.909
100.000 278.887 518.995
100.000 300.564 515.864
100.000 422.947 512.498
100.000 86.899 510.430
100.000 333.168 507.631
100.000 476.623 516.406
100.000 382.134 501.958
100.000 373.484 494.588
100.000 531.529 503.064
100.000 235.006 503.056
100.000 357.321 497.527
100.000 239.112 494.530
100.000 326.590 489.000
100.000 515.942 487.724
100.000 45.435 487.935
100.000 434.806 452.474
100.000 264.702 478.834
100.000 125.226 480.117
100.000 513.102 465.505
100.000 573.822 461.522
100.000 352.754 460.927
100.000 215.105 460.864
100.000 47.636 456.084
100.000 512.511 451.511
100.000 316.724 453.705
100.000 73.560 441.220
100.000 371.027 467.173
100.000 387.933 482.914
100.000 384.087 475.657
100.000 260.257 444.377
100.000 372.600 476.120
100.000 189.167 438.664
100.000 270.336 430.827
100.000 444.480 418.880
100.000 451.375 425.236
100.000 559.824 408.549
100.000 308.656 419.658
100.000 381.017 468.716
100.000 105.852 413.395
100.000 205.644 412.884
100.000 455.461 412.775
100.000 223.010 408.103
100.000 130.294 407.625
100.000 476.493 406.134
100.000 496.882 390.895
100.000 132.873 398.288
100.000 455.147 477.111
100.000 404.759 388.312
100.000 212.097 391.497
100.000 6.789 393.774
100.000 461.422 389.521
100.000 451.072 382.504
100.000 62.792 391.114
100.000 348.178 383.484
100.000 265.448 397.307
100.000 66.647 375.725
100.000 5.068 368.942
100.000 502.026 364.959
100.000 438.615 363.149
100.000 115.427 362.719
100.000 19.301 359.096
100.000 343.655 350.589
100.000 356.253 353.211
100.000 311.661 349.792
100.000 315.325 345.658
100.000 428.171 343.454
100.000 62.492 346.351
100.000 326.675 342.308
100.000 505.950 338.232
100.000 216.898 336.977
100.000 171.834 337.661
100.000 588.320 330.438
100.000 189.963 332.316
100.000 251.247 333.259
100.000 56.992 329.332
100.000 53.498 320.021
100.000 20.473 327.316
100.000 180.796 325.608
100.000 478.964 313.372
100.000 549.211 322.136
100.000 223.113 317.295
100.000 511.923 317.088
100.000 245.869 312.420
100.000 207.354 308.566
100.000 297.375 310.216
100.000 514.522 296.705
100.000 264.770 305.482
100.000 522.192 302.155
100.000 357.592 298.611
100.000 577.301 297.812
100.000 43.744 290.103
100.000 47.379 286.434
100.000 125.378 595.638
100.000 553.868 286.936
100.000 123.097 269.400
100.000 566.186 259.745
100.000 294.573 267.225
100.000 332.509 252.556
100.000 267.989 252.749
100.000 268.707 246.894
100.000 533.517 246.482
100.000 345.064 240.357
100.000 39.361 239.395
100.000 453.511 235.040
100.000 61.390 236.177
100.000 514.109 234.131
100.000 166.782 229.926
100.000 406.764 283.096
100.000 224.247 219.828
100.000 82.423 223.742
100.000 353.346 220.430
100.000 358.494 212.444
100.000 571.786 212.317
100.000 37.804 205.737
100.000 420.143 208.732
100.000 389.404 268.556
100.000 183.651 261.814
100.000 331.313 196.207
100.000 396.909 190.827
100.000 573.799 186.574
100.000 131.151 184.629
100.000 491.163 180.427
100.000 350.370 174.924
100.000 525.140 175.412
100.000 239.310 174.448
100.000 540.811 163.042
100.000 573.062 173.739
100.000 344.568 164.119
100.000 519.084 166.795
100.000 146.863 160.482
100.000 335.567 157.957
100.000 71.016 154.384
100.000 310.687 158.163
100.000 121.044 157.461
100.000 182.008 153.462
100.000 49.989 143.677
100.000 80.568 137.832
100.000 58.890 126.875
100.000 583.997 148.333
100.000 354.819 146.899
100.000 353.007 141.479
100.000 237.655 138.091
100.000 341.325 139.748
100.000 473.142 133.342
100.000 547.425 130.198
100.000 319.961 128.541
100.000 173.540 128.067
100.000 204.234 120.204
100.000 516.259 114.090
100.000 322.685 113.008
100.000 344.556 124.057
100.000 43.876 106.137
100.000 541.553 97.827
100.000 554.452 86.816
100.000 555.473 78.797
100.000 149.745 591.834
100.000 77.176 67.071
100.000 259.929 580.335
100.000 351.552 85.495
100.000 320.388 92.466
100.000 516.356 82.811
100.000 131.612 76.236
100.000 598.927 81.282
100.000 102.337 79.680
100.000 534.210 71.778
100.000 435.731 73.907
100.000 354.423 73.564
100.000 251.946 68.314
100.000 190.530 65.288
100.000 431.023 65.117
100.000 356.418 57.947
100.000 451.145 60.119
100.000 560.629 55.825
100.000 364.500 50.725
100.000 342.455 580.343
100.000 417.413 41.907
100.000 564.504 36.591
100.000 329.258 38.625
100.000 411.218 44.202
100.000 68.871 578.896
100.000 591.526 30.225
100.000 369.578 27.594
100.000 417.364 582.402
100.000 347.249 97.744
100.000 460.883 571.122
100.000 497.946 566.396
100.000 450.682 570.493
100.000 21.074 564.189
100.000 529.103 564.442
100.000 543.406 561.065
100.000 469.855 526.099
100.000 4.602 32.956
100.000 475.086 494.209
