100.000 474.427 15.700
100.000 552.425 10.397
100.000 347.577 577.804
100.000 486.458 598.066
100.000 180.658 596.154
100.000 21.410 568.458
100.000 190.315 563.097
100.000 550.362 561.264
100.000 150.574 540.369
100.000 479.560 539.379
100.000 361.525 535.052
100.000 319.817 529.467
100.000 472.970 524.204
100.000 437.183 538.105
100.000 464.089 499.982
100.000 523.338 487.443
100.000 33.248 480.648
100.000 349.768 477.966
100.000 427.480 476.694
100.000 387.241 476.380
100.000 174.890 467.340
100.000 254.169 450.494
100.000 393.531 465.956
100.000 265.374 442.135
100.000 352.614 439.283
100.000 194.690 452.894
100.000 132.026 438.298
100.000 598.371 426.181
100.000 480.764 415.086
100.000 437.038 416.435
100.000 374.517 411.727
100.000 395.316 402.239
100.000 158.647 394.667
100.000 253.109 391.512
100.000 137.359 393.145
100.000 310.593 388.346
100.000 277.032 375.683
100.000 2.514 375.329
100.000 453.415 366.243
100.000 95.200 362.579
100.000 407.495 342.315
100.000 563.089 335.051
100.000 72.416 319.383
100.000 118.387 315.337
100.000 493.019 310.769
100.000 7.947 312.885
100.000 454.134 311.146
100.000 235.294 297.529
100.000 185.326 294.082
100.000 177.314 288.595
100.000 464.461 289.700
100.000 489.312 283.644
100.000 288.808 249.509
100.000 410.516 247.818
100.000 117.775 247.305
100.000 97.632 231.360
100.000 222.426 233.274
100.000 226.446 231.151
100.000 166.379 229.647
100.000 557.052 225.724
100.000 247.292 210.175
100.000 169.326 207.896
100.000 334.367 193.286
100.000 66.905 181.190
100.000 1.989 173.868
100.000 210.870 149.661
100.000 166.878 140.682
100.000 437.994 136.901
100.000 355.229 130.941
100.000 476.298 127.199
100.000 299.890 126.430
100.000 458.062 118.109
100.000 459.969 75.729
100.000 290.473 54.079
100.000 77.509 55.498
100.000 47.072 42.545
100.000 22.266 33.574
100.000 21.656 25.918
100.000 535.770 578.067
