100.000 358.850 42.571
100.000 490.942 30.450
100.000 290.983 30.245
100.000 208.836 22.767
100.000 84.083 35.821
100.000 546.059 16.293
100.000 237.808 16.878
100.000 179.213 13.172
100.000 495.431 6.057
100.000 97.954 5.269
100.000 554.750 515.543
100.000 440.119 574.308
100.000 401.990 481.427
100.000 351.978 347.873
100.000 337.036 294.861
100.000 347.386 262.795
100.000 273.901 511.642
100.000 369.413 394.621
100.000 112.008 503.061
100.000 313.243 488.419
100.000 594.468 480.525
100.000 166.639 468.366
100.000 95.845 458.191
100.000 332.615 406.450
100.000 5.646 391.168
100.000 4.592 352.482
100.000 272.281 394.819
100.000 441.762 389.452
100.000 417.761 376.486
100.000 330.903 382.960
100.000 99.739 391.788
100.000 299.763 367.483
100.000 456.011 334.430
100.000 284.188 328.982
100.000 405.137 324.129
100.000 565.073 317.952
100.000 508.871 306.510
100.000 30.784 297.180
100.000 79.663 275.712
100.000 471.852 261.943
100.000 212.109 262.106
100.000 221.221 248.576
100.000 437.142 249.281
100.000 199.994 252.044
100.000 187.038 231.112
100.000 132.047 217.408
100.000 221.695 201.969
100.000 174.667 202.882
100.000 176.548 185.667
100.000 426.569 185.383
100.000 4.172 175.015
100.000 88.573 164.066
100.000 225.110 157.100
100.000 177.595 166.391
100.000 498.162 157.868
100.000 532.454 140.394
100.000 92.129 126.125
100.000 56.440 134.877
100.000 255.870 84.661
100.000 354.527 73.880
100.000 384.985 72.939
100.000 506.101 67.339
100.000 433.839 54.644
100.000 90.590 581.504
100.000 331.615 576.227
100.000 243.093 552.646
100.000 128.649 549.035
100.000 386.597 438.942
100.000 301.141 547.796
100.000 244.413 527.478
100.000 136.566 523.624
100.000 70.938 519.247
