100.000 248.650 33.645
100.000 509.594 32.217
100.000 334.808 27.338
100.000 431.013 25.141
100.000 285.899 11.834
100.000 45.492 573.112
100.000 577.697 595.375
100.000 194.330 594.360
100.000 191.284 581.837
100.000 148.615 598.375
100.000 249.330 561.568
100.000 270.875 565.200
100.000 330.912 555.695
100.000 251.046 540.968
100.000 390.877 548.336
100.000 341.331 544.505
100.000 14.672 539.351
100.000 476.446 512.091
100.000 351.534 515.776
100.000 249.665 497.780
100.000 415.876 504.136
100.000 441.638 488.812
100.000 35.322 493.180
100.000 534.836 482.444
100.000 489.519 479.083
100.000 217.650 456.487
100.000 60.997 452.802
100.000 248.699 449.214
100.000 386.460 439.129
100.000 427.906 420.717
100.000 86.891 433.630
100.000 284.545 430.501
100.000 495.831 424.650
100.000 108.355 419.650
100.000 549.014 407.928
100.000 111.936 399.467
100.000 125.545 392.149
100.000 90.762 376.054
100.000 482.737 371.689
100.000 217.915 375.062
100.000 187.341 375.379
100.000 247.776 374.817
100.000 346.205 373.765
100.000 281.625 372.526
100.000 273.363 373.067
100.000 155.338 363.237
100.000 420.656 359.699
100.000 370.728 346.864
100.000 354.255 346.281
100.000 187.314 345.076
100.000 591.373 338.184
100.000 588.851 328.390
100.000 283.986 341.514
100.000 527.940 321.501
100.000 77.593 320.418
100.000 438.248 320.766
100.000 282.582 312.333
100.000 248.399 312.447
100.000 378.969 300.709
100.000 15.210 295.809
100.000 518.323 285.758
100.000 426.755 281.180
100.000 333.479 276.810
100.000 583.311 277.707
100.000 546.250 272.748
100.000 372.962 260.976
100.000 342.753 261.788
100.000 530.196 255.853
100.000 247.315 255.506
100.000 334.537 230.762
100.000 342.242 217.650
100.000 245.145 228.036
100.000 370.264 207.104
100.000 474.995 191.510
100.000 361.249 190.184
100.000 56.755 186.510
100.000 246.964 185.427
100.000 569.621 183.626
100.000 137.644 176.501
100.000 562.038 165.780
100.000 148.381 163.404
100.000 334.841 157.092
100.000 245.245 156.635
100.000 585.032 129.464
100.000 387.540 152.063
100.000 396.921 126.742
100.000 428.373 111.075
100.000 95.820 78.688
100.000 199.684 78.077
100.000 2.410 74.635
100.000 251.940 62.805
100.000 317.824 65.837
100.000 475.737 55.212
100.000 249.910 590.306
100.000 339.112 590.006
100.000 463.135 575.699
100.000 524.933 575.626
100.000 412.709 43.936
