100.000 143.314 83.433
100.000 150.124 54.056
100.000 166.053 30.139
100.000 106.638 20.564
100.000 318.146 16.391
100.000 232.788 23.197
100.000 185.503 20.995
100.000 180.755 15.375
100.000 373.301 17.831
100.000 136.449 6.712
100.000 479.396 5.590
100.000 528.498 9.677
100.000 207.010 553.184
100.000 331.265 598.685
100.000 252.601 598.162
100.000 381.798 548.420
100.000 87.565 550.368
100.000 439.829 544.640
100.000 439.614 534.534
100.000 239.940 543.424
100.000 249.667 531.681
100.000 251.981 521.602
100.000 115.808 537.380
100.000 593.212 535.737
100.000 465.114 495.866
100.000 233.983 523.312
100.000 158.525 508.975
100.000 62.789 509.201
100.000 394.161 506.801
100.000 293.702 504.132
100.000 16.665 517.799
100.000 353.355 503.555
100.000 389.353 523.066
100.000 315.257 496.767
100.000 350.718 489.236
100.000 118.695 492.709
100.000 64.554 489.445
100.000 521.879 482.210
100.000 284.768 469.041
100.000 361.899 479.476
100.000 573.682 466.265
100.000 184.038 508.547
100.000 420.114 464.849
100.000 16.700 457.293
100.000 85.683 458.338
100.000 583.567 448.150
100.000 289.672 446.839
100.000 351.092 442.512
100.000 587.403 435.372
100.000 591.795 427.610
100.000 592.873 420.222
100.000 80.702 433.647
100.000 388.538 429.195
100.000 7.556 421.348
100.000 135.332 431.117
100.000 187.342 431.260
100.000 52.452 511.051
100.000 332.324 419.383
100.000 5.106 379.903
100.000 146.568 419.069
100.000 99.085 405.899
100.000 126.455 413.541
100.000 111.939 409.475
100.000 67.188 399.048
100.000 34.640 388.261
100.000 596.907 409.220
100.000 142.665 404.871
100.000 440.431 432.042
100.000 273.538 428.493
100.000 197.652 395.267
100.000 125.526 392.540
100.000 456.500 389.125
100.000 410.106 385.859
100.000 131.952 383.496
100.000 164.568 382.349
100.000 296.507 371.493
100.000 360.568 365.729
100.000 37.535 371.677
100.000 402.749 372.431
100.000 314.702 374.841
100.000 295.986 378.798
100.000 522.913 360.324
100.000 318.550 358.323
100.000 389.318 413.557
100.000 547.455 356.502
100.000 248.845 355.357
100.000 93.684 355.180
100.000 412.169 347.853
100.000 453.166 347.919
100.000 119.340 344.102
100.000 514.937 338.122
100.000 527.692 331.299
100.000 115.979 324.535
100.000 444.828 327.939
100.000 424.009 315.007
100.000 304.269 319.877
100.000 266.626 314.071
100.000 597.677 311.018
100.000 171.381 298.615
100.000 255.715 307.991
100.000 59.533 300.755
100.000 207.912 299.169
100.000 558.664 298.003
100.000 454.594 296.839
100.000 131.177 324.971
100.000 362.442 287.161
100.000 382.448 283.875
100.000 465.591 281.207
100.000 80.816 275.229
100.000 305.589 288.433
100.000 491.535 268.329
100.000 13.883 278.358
100.000 209.524 260.141
100.000 71.141 261.598
100.000 152.054 253.908
100.000 443.602 259.538
100.000 492.462 256.942
100.000 266.134 244.272
100.000 578.772 244.629
100.000 459.174 240.916
100.000 453.913 232.593
100.000 361.785 243.467
100.000 499.938 241.903
100.000 8.999 242.798
100.000 74.678 237.285
100.000 473.798 231.894
100.000 525.601 231.197
100.000 117.509 227.035
100.000 478.076 219.920
100.000 248.330 217.257
100.000 209.892 225.553
100.000 315.040 213.368
100.000 302.423 206.435
100.000 484.749 198.845
100.000 488.026 178.383
100.000 47.091 203.042
100.000 465.925 202.349
100.000 261.489 196.887
100.000 173.850 213.384
100.000 348.713 187.830
100.000 500.224 185.738
100.000 151.912 180.381
100.000 276.180 183.392
100.000 97.134 180.301
100.000 369.104 178.115
100.000 490.791 168.080
100.000 553.539 157.548
100.000 239.085 156.418
100.000 581.044 158.663
100.000 529.648 150.931
100.000 83.658 154.023
100.000 495.709 150.627
100.000 327.849 148.027
100.000 37.459 147.937
100.000 386.638 145.934
100.000 359.411 142.547
100.000 221.273 138.228
100.000 496.884 132.248
100.000 444.342 181.406
100.000 65.434 123.056
100.000 458.803 118.748
100.000 181.302 113.752
100.000 188.661 111.732
100.000 350.734 111.236
100.000 2.982 106.133
100.000 463.873 103.848
100.000 504.296 116.641
100.000 568.712 101.983
100.000 36.805 96.746
100.000 225.545 94.801
100.000 509.455 99.922
100.000 251.564 99.445
100.000 584.278 593.913
100.000 267.820 84.334
100.000 280.370 81.686
100.000 218.307 74.857
100.000 558.949 76.073
100.000 382.664 77.087
100.000 148.321 73.069
100.000 438.304 66.766
100.000 108.184 69.022
100.000 320.406 66.418
100.000 75.354 62.828
100.000 575.449 585.821
100.000 260.147 57.765
100.000 364.401 53.374
100.000 519.538 48.697
100.000 559.341 48.099
100.000 124.361 50.014
100.000 124.808 43.017
100.000 231.439 45.009
100.000 46.842 42.633
100.000 432.761 41.788
100.000 284.026 39.258
100.000 215.336 42.266
100.000 217.922 36.642
100.000 211.017 34.546
100.000 22.570 42.056
100.000 260.537 42.320
100.000 554.466 36.044
100.000 570.572 36.033
100.000 250.036 33.825
100.000 368.561 589.878
100.000 219.780 27.511
100.000 34.511 595.231
100.000 86.677 584.099
100.000 339.091 569.954
100.000 175.082 570.209
100.000 329.180 562.986
100.000 59.256 19.153
100.000 336.614 547.044
100.000 340.590 536.647
100.000 221.817 556.783
