100.000 247.119 49.728
100.000 49.039 39.911
100.000 32.981 34.235
100.000 598.211 15.598
100.000 405.888 8.025
100.000 374.522 557.670
100.000 128.356 597.494
100.000 114.297 558.981
100.000 301.361 556.189
100.000 328.071 546.482
100.000 96.093 543.757
100.000 535.453 540.527
100.000 30.044 531.112
100.000 245.704 525.734
100.000 245.703 503.823
100.000 576.027 496.879
100.000 59.825 494.333
100.000 245.420 493.094
100.000 156.231 493.093
100.000 173.007 493.177
100.000 133.007 494.165
100.000 99.474 493.618
100.000 397.580 490.726
100.000 353.098 492.348
100.000 552.091 491.569
100.000 476.936 489.726
100.000 483.995 484.421
100.000 83.416 485.098
100.000 585.945 479.974
100.000 29.870 462.450
100.000 424.127 467.294
100.000 210.046 443.996
100.000 486.317 434.951
100.000 100.148 437.594
100.000 254.917 412.362
100.000 208.758 413.735
100.000 246.079 397.127
100.000 270.578 396.591
100.000 510.525 367.924
100.000 475.444 362.973
100.000 167.780 353.202
100.000 244.714 325.276
100.000 123.885 329.377
100.000 522.029 311.468
100.000 292.709 304.457
100.000 94.519 303.937
100.000 400.844 290.958
100.000 366.476 290.080
100.000 284.491 282.717
100.000 243.452 274.211
100.000 320.518 276.440
100.000 591.090 269.597
100.000 81.396 269.807
100.000 56.122 270.696
100.000 528.442 278.368
100.000 337.513 263.208
100.000 548.083 249.819
100.000 318.981 250.847
100.000 36.579 248.698
100.000 240.808 237.234
100.000 295.440 225.064
100.000 516.912 213.586
100.000 519.190 198.894
100.000 238.570 215.676
100.000 318.690 214.202
100.000 94.893 207.229
100.000 295.995 207.874
100.000 560.884 199.297
100.000 578.625 190.130
100.000 185.274 197.484
100.000 541.642 177.895
100.000 67.111 175.066
100.000 29.957 166.609
100.000 362.975 152.465
100.000 176.887 151.440
100.000 481.512 150.399
100.000 409.072 145.967
100.000 87.440 146.645
100.000 592.444 132.968
100.000 184.470 130.203
100.000 382.513 126.271
100.000 130.964 119.258
100.000 10.631 113.036
100.000 180.047 99.867
100.000 69.386 100.222
100.000 291.870 89.401
100.000 366.802 89.499
100.000 85.790 84.406
100.000 394.726 71.249
100.000 32.572 589.441
100.000 42.009 63.954
100.000 587.600 54.202
100.000 517.831 55.607
100.000 394.949 579.984
100.000 413.679 559.296
100.000 370.587 27.612
100.000 387.498 558.991
100.000 436.730 18.502
