100.000 142.305 124.551
100.000 299.905 39.238
100.000 545.727 33.400
100.000 430.194 22.060
100.000 257.711 517.020
100.000 89.495 503.082
100.000 512.707 486.675
100.000 530.003 470.099
100.000 37.828 447.124
100.000 579.429 445.221
100.000 274.012 441.814
100.000 309.248 439.527
100.000 524.860 425.425
100.000 542.804 416.036
100.000 388.272 406.393
100.000 468.487 405.011
100.000 73.958 397.980
100.000 11.921 393.192
100.000 390.331 373.755
100.000 395.793 352.497
100.000 219.447 339.446
100.000 421.845 314.371
100.000 321.425 312.458
100.000 138.316 307.771
100.000 163.777 295.878
100.000 558.951 279.397
100.000 336.941 275.545
100.000 418.443 257.743
100.000 356.121 253.720
100.000 515.449 244.169
100.000 569.242 232.725
100.000 442.825 224.282
100.000 329.057 166.674
100.000 430.887 144.062
100.000 533.376 133.631
100.000 11.942 572.305
100.000 357.150 116.336
100.000 98.005 114.499
100.000 327.092 103.489
100.000 526.699 105.347
100.000 489.420 100.704
100.000 455.205 98.028
100.000 59.940 123.093
100.000 180.877 51.359
100.000 431.864 548.542
100.000 523.363 531.587
100.000 556.031 27.036
