100.000 554.371 57.926
100.000 518.928 44.142
100.000 495.473 11.216
100.000 505.938 74.687
100.000 519.981 135.317
100.000 148.728 71.728
100.000 121.999 44.140
100.000 74.367 49.311
100.000 293.349 44.593
100.000 285.580 30.755
100.000 392.249 37.288
100.000 585.515 35.768
100.000 215.554 25.049
100.000 213.006 4.535
100.000 411.383 24.582
100.000 416.847 13.293
100.000 41.066 18.158
100.000 315.248 14.468
100.000 112.670 11.624
100.000 253.107 4.965
100.000 552.026 541.611
100.000 558.569 595.192
100.000 387.468 595.236
100.000 556.008 527.375
100.000 400.584 532.454
100.000 535.893 538.844
100.000 343.078 532.928
100.000 96.300 524.165
100.000 510.600 521.873
100.000 521.058 505.725
100.000 493.064 507.566
100.000 583.123 462.133
100.000 563.597 433.280
100.000 549.996 505.100
100.000 556.407 491.016
100.000 195.840 504.713
100.000 97.302 500.727
100.000 459.662 489.455
100.000 333.214 490.419
100.000 390.943 475.868
100.000 309.132 476.729
100.000 256.063 473.939
100.000 456.907 466.286
100.000 449.035 460.006
100.000 106.294 453.825
100.000 55.791 459.277
100.000 60.910 456.669
100.000 373.193 458.770
100.000 401.151 449.084
100.000 251.969 449.872
100.000 186.867 447.317
100.000 492.187 428.982
100.000 374.866 418.663
100.000 560.615 405.993
100.000 151.698 401.828
100.000 423.746 391.413
100.000 351.454 380.533
100.000 148.556 383.538
100.000 217.073 375.312
100.000 543.820 374.602
100.000 274.681 374.015
100.000 495.971 358.124
100.000 315.427 348.471
100.000 283.481 317.759
100.000 281.101 289.046
100.000 242.434 337.719
100.000 132.346 338.306
100.000 182.982 335.171
100.000 379.468 324.539
100.000 392.706 309.338
100.000 230.006 318.434
100.000 84.624 308.123
100.000 112.106 284.642
100.000 533.282 296.933
100.000 493.351 303.963
100.000 598.261 294.433
100.000 161.906 291.202
100.000 18.941 282.731
100.000 514.692 279.378
100.000 369.208 273.595
100.000 399.271 272.685
100.000 326.710 265.695
100.000 453.198 270.710
100.000 410.732 252.045
100.000 20.009 254.635
100.000 442.335 249.777
100.000 491.932 215.961
100.000 80.000 214.996
100.000 310.849 235.361
100.000 412.928 233.023
100.000 410.409 227.786
100.000 297.481 230.141
100.000 24.146 219.931
100.000 16.814 206.510
100.000 261.883 195.548
100.000 230.911 190.012
100.000 411.634 190.973
100.000 424.140 182.722
100.000 118.781 202.308
100.000 194.405 242.515
100.000 343.784 200.226
100.000 359.164 188.213
100.000 586.687 198.873
100.000 579.963 188.167
100.000 201.665 590.653
100.000 73.787 591.650
100.000 302.455 585.909
100.000 398.523 580.344
100.000 501.656 107.648
100.000 541.818 171.722
100.000 327.760 576.011
100.000 14.008 178.131
100.000 4.971 175.337
100.000 380.264 176.307
100.000 588.967 171.278
100.000 338.104 135.326
100.000 355.013 145.284
100.000 362.732 130.942
100.000 197.498 151.826
100.000 449.294 125.442
100.000 452.114 88.853
100.000 320.858 135.076
100.000 591.244 107.224
100.000 598.811 86.741
100.000 468.500 109.507
100.000 131.452 109.287
100.000 293.116 99.970
100.000 249.965 97.275
100.000 51.883 91.742
100.000 3.744 570.014
100.000 106.099 76.124
100.000 448.826 571.109
100.000 274.512 60.746
100.000 278.134 73.390
100.000 430.351 78.117
100.000 377.471 75.992
100.000 382.672 66.129
100.000 358.978 75.064
100.000 34.000 79.250
100.000 244.742 65.120
100.000 425.813 60.313
100.000 598.540 558.596
100.000 19.725 559.097
100.000 459.974 556.738
100.000 325.453 45.908
100.000 143.895 558.090
100.000 384.681 553.646
100.000 586.680 552.450
100.000 552.787 556.325
100.000 405.700 553.353
100.000 511.266 551.129
100.000 375.274 31.227
100.000 529.254 553.524
100.000 430.374 547.698
100.000 83.292 547.883
