100.000 176.156 79.462
100.000 256.565 55.006
100.000 252.580 31.286
100.000 66.336 38.276
100.000 564.237 35.584
100.000 130.671 24.389
100.000 183.707 29.817
100.000 177.592 15.088
100.000 199.989 26.055
100.000 193.511 14.012
100.000 199.219 12.546
100.000 10.223 22.597
100.000 23.209 20.400
100.000 48.249 13.887
100.000 69.188 19.434
100.000 458.523 10.795
100.000 406.191 7.024
100.000 296.243 12.116
100.000 265.439 9.408
100.000 526.590 2.230
100.000 65.996 5.325
100.000 446.160 3.385
100.000 294.714 2.317
100.000 165.576 537.160
100.000 590.408 599.205
100.000 360.203 597.272
100.000 450.203 529.445
100.000 459.445 529.061
100.000 430.340 525.893
100.000 393.436 527.338
100.000 429.189 515.385
100.000 521.669 527.721
100.000 12.276 522.126
100.000 218.607 523.761
100.000 323.882 523.857
100.000 260.478 519.217
100.000 370.869 521.301
100.000 503.285 515.584
100.000 465.317 513.711
100.000 244.378 511.571
100.000 350.711 511.147
100.000 598.683 506.942
100.000 313.429 504.397
100.000 453.649 507.944
100.000 444.005 505.540
100.000 274.911 500.332
100.000 143.713 499.403
100.000 157.413 503.784
100.000 42.507 498.114
100.000 385.022 496.106
100.000 391.751 490.841
100.000 68.578 495.966
100.000 526.587 489.769
100.000 345.478 490.387
100.000 154.355 487.077
100.000 268.630 484.609
100.000 436.995 485.215
100.000 136.680 481.257
100.000 419.983 480.986
100.000 571.079 477.046
100.000 49.704 477.532
100.000 359.796 483.204
100.000 386.734 466.186
100.000 111.916 464.033
100.000 127.390 460.005
100.000 436.406 464.648
100.000 483.143 461.016
100.000 561.773 454.597
100.000 562.967 447.580
100.000 586.764 448.691
100.000 505.914 450.577
100.000 534.276 442.639
100.000 4.925 467.704
100.000 495.006 441.300
100.000 279.358 434.979
100.000 309.757 436.759
100.000 537.490 434.216
100.000 372.075 434.725
100.000 365.795 434.168
100.000 175.213 431.438
100.000 92.552 430.992
100.000 422.960 426.854
100.000 444.920 423.612
100.000 443.153 412.361
100.000 433.884 407.834
100.000 263.257 414.583
100.000 266.265 399.125
100.000 199.042 421.102
100.000 13.690 421.629
100.000 595.942 420.199
100.000 566.557 417.129
100.000 480.285 417.729
100.000 320.598 414.590
100.000 286.676 415.786
100.000 187.325 416.845
100.000 466.397 411.201
100.000 101.278 409.478
100.000 543.460 399.829
100.000 77.790 388.827
100.000 265.088 346.732
100.000 260.368 363.402
100.000 264.474 356.115
100.000 267.459 385.489
100.000 261.056 378.038
100.000 228.606 372.792
100.000 573.898 371.658
100.000 249.471 375.214
100.000 359.370 368.940
100.000 382.028 366.385
100.000 50.042 373.839
100.000 305.703 371.524
100.000 532.831 364.681
100.000 218.497 368.589
100.000 233.665 357.490
100.000 205.396 349.272
100.000 224.894 360.634
100.000 222.484 354.125
100.000 323.184 365.715
100.000 144.286 355.401
100.000 33.622 357.267
100.000 416.999 338.727
100.000 297.684 351.203
100.000 538.912 351.559
100.000 251.199 350.841
100.000 577.000 343.990
100.000 340.648 346.602
100.000 260.578 337.834
100.000 338.108 335.354
100.000 214.504 333.823
100.000 518.681 334.208
100.000 173.154 324.317
100.000 299.140 319.568
100.000 498.506 321.484
100.000 593.559 319.888
100.000 463.469 320.007
100.000 351.114 316.948
100.000 353.343 308.177
100.000 354.501 301.984
100.000 142.709 316.068
100.000 389.277 310.528
100.000 319.156 307.296
100.000 176.603 314.568
100.000 581.704 305.842
100.000 269.899 305.288
100.000 260.574 300.201
100.000 278.860 300.887
100.000 130.795 315.046
100.000 431.733 306.276
100.000 151.574 302.384
100.000 87.821 304.884
100.000 514.849 285.336
100.000 506.505 298.197
100.000 418.351 305.718
100.000 583.642 295.896
100.000 541.469 287.297
100.000 129.799 297.952
100.000 261.329 290.801
100.000 115.572 289.725
100.000 18.338 285.610
100.000 246.364 287.544
100.000 453.194 284.660
100.000 319.243 274.594
100.000 240.444 274.140
100.000 515.754 273.497
100.000 272.319 258.125
100.000 274.444 266.274
100.000 465.338 251.163
100.000 471.685 248.563
100.000 169.270 265.804
100.000 7.273 266.137
100.000 583.237 262.493
100.000 255.689 262.729
100.000 287.194 259.544
100.000 223.007 258.801
100.000 389.986 254.437
100.000 554.135 250.571
100.000 13.375 245.876
100.000 325.967 258.945
100.000 208.695 245.635
100.000 262.167 227.123
100.000 271.274 241.945
100.000 266.933 234.365
100.000 343.654 244.589
100.000 332.427 244.476
100.000 49.160 242.622
100.000 536.047 241.868
100.000 184.097 243.143
100.000 182.150 234.861
100.000 28.505 238.954
100.000 31.398 234.794
100.000 210.041 226.408
100.000 197.127 233.476
100.000 199.952 225.958
100.000 189.150 224.259
100.000 155.984 234.735
100.000 70.966 235.171
100.000 15.296 228.397
100.000 382.090 228.674
100.000 355.870 214.082
100.000 376.907 217.263
100.000 220.961 233.022
100.000 4.152 232.078
100.000 117.320 229.037
100.000 344.040 228.687
100.000 323.401 223.961
100.000 95.686 226.163
100.000 298.944 224.448
100.000 30.944 217.615
100.000 116.950 218.757
100.000 151.310 209.955
100.000 479.193 209.660
100.000 593.368 205.328
100.000 327.274 198.595
100.000 350.468 198.636
100.000 561.747 190.346
100.000 144.880 186.960
100.000 222.204 183.470
100.000 226.314 178.672
100.000 410.159 180.535
100.000 360.376 179.779
100.000 254.645 176.184
100.000 510.702 169.149
100.000 330.897 174.756
100.000 554.847 169.840
100.000 28.738 166.123
100.000 127.341 154.143
100.000 339.081 140.327
100.000 334.800 123.953
100.000 323.767 140.380
100.000 331.603 134.109
100.000 351.347 139.345
100.000 363.730 135.648
100.000 353.228 129.653
100.000 209.270 140.720
100.000 88.465 137.297
100.000 23.389 128.083
100.000 290.439 130.594
100.000 507.293 126.006
100.000 258.079 123.413
100.000 482.553 122.155
100.000 541.739 118.684
100.000 529.173 116.797
100.000 228.569 114.246
100.000 236.884 104.569
100.000 428.714 112.252
100.000 421.216 105.321
100.000 425.187 102.027
100.000 369.865 111.243
100.000 318.146 139.023
100.000 436.000 107.014
100.000 252.913 108.432
100.000 152.855 106.643
100.000 559.367 108.278
100.000 420.507 132.406
100.000 383.846 102.911
100.000 106.967 103.303
100.000 272.640 99.972
100.000 205.817 99.092
100.000 245.341 122.583
100.000 409.567 97.931
100.000 597.759 94.993
100.000 581.768 96.239
100.000 109.227 96.268
100.000 538.068 91.716
100.000 189.370 75.683
100.000 195.337 583.640
100.000 290.987 86.691
100.000 565.324 79.242
100.000 155.629 76.252
100.000 262.788 76.908
100.000 253.990 76.546
100.000 459.086 76.464
100.000 528.105 64.437
100.000 60.791 89.921
100.000 108.129 590.840
100.000 333.001 588.915
100.000 206.975 58.355
100.000 199.990 54.279
100.000 34.016 59.018
100.000 100.873 57.007
100.000 89.727 53.212
100.000 111.501 55.993
100.000 67.448 53.047
100.000 216.478 51.682
100.000 347.474 47.525
100.000 22.880 43.350
100.000 26.928 36.403
100.000 132.724 54.478
100.000 147.671 44.434
100.000 327.975 40.135
100.000 303.579 578.457
100.000 55.337 38.101
100.000 3.035 40.289
100.000 273.047 579.126
100.000 35.435 573.651
100.000 392.691 578.014
100.000 99.349 570.691
100.000 74.971 569.658
100.000 316.138 565.043
100.000 265.572 566.112
100.000 132.274 31.913
100.000 582.449 564.284
100.000 33.332 21.817
100.000 498.882 560.353
100.000 79.820 22.478
100.000 384.111 560.804
100.000 260.330 591.098
100.000 47.647 22.255
100.000 275.545 549.946
100.000 277.002 537.116
100.000 273.687 542.499
100.000 165.241 550.552
100.000 310.337 544.139
100.000 367.217 541.684
100.000 251.725 531.327
