100.000 269.258 127.004
100.000 141.925 90.018
100.000 393.521 31.828
100.000 155.241 6.530
100.000 236.021 559.685
100.000 172.677 598.757
100.000 60.650 555.829
100.000 300.898 544.868
100.000 355.290 536.796
100.000 44.672 526.282
100.000 225.176 523.676
100.000 288.320 520.649
100.000 159.590 519.727
100.000 503.477 503.317
100.000 218.241 495.302
100.000 451.506 488.072
100.000 308.858 477.334
100.000 57.950 465.356
100.000 162.075 447.687
100.000 582.783 446.945
100.000 21.804 413.864
100.000 89.056 389.149
100.000 284.365 376.284
100.000 558.098 373.244
100.000 164.398 358.207
100.000 578.753 327.519
100.000 157.159 321.592
100.000 321.491 312.149
100.000 73.195 306.788
100.000 305.905 309.900
100.000 588.986 275.498
100.000 177.281 273.731
100.000 125.132 268.384
100.000 394.048 258.101
100.000 13.019 256.589
100.000 596.075 233.351
100.000 135.914 238.979
100.000 497.579 219.381
100.000 104.789 208.196
100.000 198.223 200.906
100.000 27.796 201.737
100.000 316.733 193.505
100.000 508.250 177.098
100.000 6.646 167.814
100.000 596.471 154.519
100.000 88.793 154.332
100.000 157.763 571.162
100.000 339.070 126.562
100.000 408.270 113.917
100.000 157.960 114.738
100.000 3.460 107.155
100.000 492.601 569.241
100.000 191.580 132.053
100.000 476.562 69.343
100.000 419.103 68.503
100.000 384.706 98.856
100.000 15.980 67.825
100.000 518.248 68.516
100.000 75.049 46.345
100.000 571.571 567.655
