100.000 332.224 185.214
100.000 167.925 196.108
100.000 20.102 49.615
100.000 593.582 34.784
100.000 598.794 30.791
100.000 80.456 29.709
100.000 321.963 20.339
100.000 552.110 23.023
100.000 341.740 8.012
100.000 288.075 9.114
100.000 467.501 11.032
100.000 310.950 23.858
100.000 168.688 13.964
100.000 568.960 551.155
100.000 526.609 595.657
100.000 289.645 589.804
100.000 216.974 589.402
100.000 575.903 541.089
100.000 446.466 554.334
100.000 541.149 546.072
100.000 57.507 547.691
100.000 386.801 546.915
100.000 272.547 542.726
100.000 44.776 533.313
100.000 298.457 506.000
100.000 297.215 532.812
100.000 541.299 536.582
100.000 541.744 523.600
100.000 545.550 517.685
100.000 201.126 536.643
100.000 205.434 531.102
100.000 167.909 512.068
100.000 102.641 507.540
100.000 305.545 515.867
100.000 488.785 507.620
100.000 40.087 514.163
100.000 584.264 507.619
100.000 365.576 505.250
100.000 438.655 490.176
100.000 58.827 498.326
100.000 26.052 497.356
100.000 145.910 496.896
100.000 306.952 446.858
100.000 301.895 478.980
100.000 325.067 503.485
100.000 85.413 480.702
100.000 28.512 481.863
100.000 415.995 460.312
100.000 536.439 473.214
100.000 86.399 518.194
100.000 47.954 465.103
100.000 334.711 446.661
100.000 582.425 439.916
100.000 370.648 443.037
100.000 136.179 441.885
100.000 422.265 438.367
100.000 439.675 437.584
100.000 93.666 436.034
100.000 244.966 431.293
100.000 509.822 425.896
100.000 156.560 423.989
100.000 425.114 422.463
100.000 572.085 417.854
100.000 588.972 417.014
100.000 595.995 415.104
100.000 310.185 379.264
100.000 308.160 404.984
100.000 467.550 415.397
100.000 122.764 398.666
100.000 362.697 387.814
100.000 435.844 380.286
100.000 524.006 382.464
100.000 422.288 381.457
100.000 592.736 378.395
100.000 463.361 401.789
100.000 218.302 377.726
100.000 168.743 374.808
100.000 20.695 373.092
100.000 542.637 386.642
100.000 548.825 367.312
100.000 349.078 365.084
100.000 315.890 313.380
100.000 314.490 339.872
100.000 313.143 355.665
100.000 149.477 361.840
100.000 149.218 355.088
100.000 438.976 358.803
100.000 183.114 359.288
100.000 219.448 355.955
100.000 272.756 353.137
100.000 250.207 354.546
100.000 588.331 350.894
100.000 151.242 340.727
100.000 141.128 334.181
100.000 413.965 345.015
100.000 285.371 340.124
100.000 321.168 343.555
100.000 31.502 340.862
100.000 334.633 342.512
100.000 125.522 339.883
100.000 218.321 340.054
100.000 231.061 331.690
100.000 177.989 335.915
100.000 537.864 333.724
100.000 464.324 326.786
100.000 206.615 323.767
100.000 503.474 322.429
100.000 558.775 309.640
100.000 533.615 306.103
100.000 141.549 304.701
100.000 494.031 317.262
100.000 273.604 310.683
100.000 276.888 298.696
100.000 270.431 287.682
100.000 393.726 313.596
100.000 258.829 289.801
100.000 185.554 307.712
100.000 489.398 280.310
100.000 507.501 303.356
100.000 499.355 289.616
100.000 444.629 296.890
100.000 440.504 288.366
100.000 141.189 319.936
100.000 109.690 300.070
100.000 25.752 297.100
100.000 101.087 319.187
100.000 525.055 288.575
100.000 387.673 283.553
100.000 456.928 296.882
100.000 456.806 277.867
100.000 298.799 274.254
100.000 282.153 274.005
100.000 326.553 285.900
100.000 320.957 272.389
100.000 322.575 262.852
100.000 371.976 275.963
100.000 505.687 264.919
100.000 38.021 264.325
100.000 219.813 263.919
100.000 197.114 246.136
100.000 570.299 254.964
100.000 325.081 225.416
100.000 373.618 596.474
100.000 81.840 235.043
100.000 421.459 237.043
100.000 371.485 234.427
100.000 111.135 234.790
100.000 436.185 232.596
100.000 591.989 220.331
100.000 72.477 192.496
100.000 78.763 204.942
100.000 86.029 216.135
100.000 79.607 214.442
100.000 69.106 217.545
100.000 500.523 218.213
100.000 459.941 212.427
100.000 350.476 595.107
100.000 339.423 199.880
100.000 586.160 192.154
100.000 429.430 190.478
100.000 266.891 183.598
100.000 433.894 211.034
100.000 282.388 161.451
100.000 36.432 155.031
100.000 224.962 153.568
100.000 105.413 153.664
100.000 418.117 145.388
100.000 66.575 135.414
100.000 129.280 146.062
100.000 508.637 208.938
100.000 28.340 137.620
100.000 310.818 137.765
100.000 578.354 125.080
100.000 377.028 119.421
100.000 289.799 116.892
100.000 63.174 117.080
100.000 18.327 109.731
100.000 485.353 112.629
100.000 157.261 94.607
100.000 551.112 91.610
100.000 334.179 88.913
100.000 359.670 89.149
100.000 82.457 84.577
100.000 235.394 83.098
100.000 427.635 87.119
100.000 92.384 73.674
100.000 571.931 73.018
100.000 335.718 72.305
100.000 428.191 67.157
100.000 313.583 64.819
100.000 379.749 62.395
100.000 160.118 59.769
100.000 337.045 53.963
100.000 323.896 594.300
100.000 124.194 53.994
100.000 288.877 43.153
100.000 555.942 50.692
100.000 523.565 40.225
100.000 513.425 42.014
100.000 63.620 46.642
100.000 539.994 41.907
100.000 479.208 43.839
100.000 339.253 37.268
100.000 24.188 575.957
100.000 292.594 567.760
100.000 405.890 38.220
100.000 119.584 35.356
100.000 13.358 569.696
100.000 28.281 566.846
100.000 23.078 561.913
100.000 518.800 562.637
100.000 508.986 546.603
100.000 339.497 561.736
100.000 347.498 559.489
