100.000 530.582 38.116
100.000 423.924 33.084
100.000 592.854 15.127
100.000 450.742 11.481
100.000 241.260 560.945
100.000 105.259 508.653
100.000 355.801 553.014
100.000 575.457 555.394
100.000 536.069 541.357
100.000 360.794 525.149
100.000 33.973 512.054
100.000 407.457 506.948
100.000 443.223 503.049
100.000 164.713 499.590
100.000 528.595 491.466
100.000 97.607 464.884
100.000 152.614 450.248
100.000 510.388 432.108
100.000 345.297 412.502
100.000 223.998 412.209
100.000 317.762 405.334
100.000 534.258 423.978
100.000 389.584 394.054
100.000 53.468 396.460
100.000 75.504 396.975
100.000 30.777 432.139
100.000 303.620 393.490
100.000 527.834 560.096
100.000 196.072 377.962
100.000 172.694 370.525
100.000 3.897 358.500
100.000 32.412 360.944
100.000 186.283 341.033
100.000 408.175 343.807
100.000 441.494 328.417
100.000 190.918 324.355
100.000 402.320 310.690
100.000 524.267 298.885
100.000 161.862 289.828
100.000 110.883 291.220
100.000 346.369 266.963
100.000 74.573 248.030
100.000 432.116 237.988
100.000 78.636 228.296
100.000 149.467 213.227
100.000 515.124 211.851
100.000 302.324 210.533
100.000 575.181 212.332
100.000 44.854 211.862
100.000 532.320 199.714
100.000 588.853 196.681
100.000 41.758 193.936
100.000 372.038 189.163
100.000 375.440 175.701
100.000 7.889 181.828
100.000 273.216 151.597
100.000 103.431 160.244
100.000 458.424 182.870
100.000 469.221 150.778
100.000 365.861 146.233
100.000 121.482 143.078
100.000 504.264 136.920
100.000 44.050 129.742
100.000 359.325 120.608
100.000 481.519 113.197
100.000 459.888 111.405
100.000 423.114 120.130
100.000 126.136 85.519
100.000 484.985 73.295
100.000 254.350 66.802
100.000 33.542 51.174
100.000 123.446 54.006
100.000 485.186 45.421
100.000 442.377 44.267
100.000 125.827 587.791
100.000 544.555 37.579
100.000 48.326 578.056
100.000 281.824 37.006
100.000 283.604 32.794
100.000 126.790 24.064
100.000 84.950 570.051
