100.000 112.107 44.797
100.000 258.618 22.584
100.000 569.784 11.542
100.000 175.544 2.729
100.000 293.492 522.584
100.000 357.196 597.680
100.000 184.777 502.807
100.000 244.992 470.700
100.000 429.092 452.337
100.000 361.648 419.940
100.000 560.688 412.970
100.000 563.092 396.707
100.000 514.264 418.741
100.000 484.000 389.995
100.000 474.160 372.616
100.000 568.871 369.409
100.000 578.769 366.863
100.000 145.135 367.534
100.000 189.978 361.371
100.000 115.504 361.391
100.000 139.375 351.459
100.000 522.904 348.022
100.000 260.653 333.726
100.000 562.036 268.463
100.000 476.790 270.373
100.000 54.314 258.702
100.000 593.244 257.483
100.000 301.528 255.829
100.000 206.880 250.778
100.000 180.128 226.933
100.000 505.923 219.024
100.000 253.655 219.959
100.000 305.935 204.512
100.000 578.275 185.202
100.000 82.992 196.204
100.000 412.437 189.654
100.000 391.795 191.800
100.000 27.457 185.503
100.000 328.148 181.290
100.000 499.716 171.321
100.000 17.266 172.402
100.000 196.663 134.779
100.000 536.197 128.205
100.000 303.660 117.268
100.000 350.902 104.437
100.000 14.035 92.840
100.000 564.312 89.177
100.000 453.760 71.747
100.000 576.332 67.777
100.000 517.798 57.603
100.000 505.383 52.975
100.000 465.547 540.012
100.000 378.149 29.363
100.000 367.449 544.096
100.000 587.256 531.787
