100.000 556.803 75.475
100.000 62.294 22.973
100.000 93.585 21.620
100.000 432.578 23.409
100.000 389.157 569.448
100.000 216.101 561.472
100.000 369.716 553.354
100.000 384.505 550.734
100.000 280.845 540.785
100.000 251.777 531.290
100.000 482.444 513.530
100.000 283.004 489.641
100.000 261.317 487.257
100.000 261.881 469.190
100.000 384.369 488.439
100.000 507.553 485.298
100.000 405.899 471.792
100.000 271.336 491.572
100.000 558.014 472.543
100.000 178.082 467.970
100.000 181.494 448.128
100.000 435.883 440.594
100.000 51.716 404.895
100.000 355.510 396.483
100.000 502.419 394.854
100.000 431.327 382.349
100.000 237.317 379.043
100.000 557.884 372.404
100.000 4.932 361.625
100.000 15.818 311.968
100.000 2.320 297.735
100.000 447.459 291.802
100.000 349.007 281.224
100.000 108.691 267.173
100.000 492.173 231.770
100.000 322.533 225.163
100.000 135.911 204.437
100.000 555.550 188.222
100.000 527.829 175.780
100.000 383.051 170.728
100.000 438.247 167.185
100.000 480.748 152.738
100.000 59.155 166.580
100.000 41.975 149.743
100.000 104.790 130.559
100.000 291.034 118.944
100.000 539.926 116.858
100.000 487.723 112.569
100.000 161.528 100.799
100.000 119.772 574.546
100.000 48.160 60.783
100.000 359.935 42.787
100.000 470.291 34.711
100.000 278.981 565.247
100.000 39.825 570.564
