100.000 6.848 110.470
100.000 284.623 65.738
100.000 162.330 69.641
100.000 203.375 95.062
100.000 393.454 54.804
100.000 550.056 37.195
100.000 241.819 27.341
100.000 62.971 39.261
100.000 346.356 34.995
100.000 526.490 25.665
100.000 584.623 28.189
100.000 28.555 20.235
100.000 572.973 7.018
100.000 228.692 9.514
100.000 80.101 9.896
100.000 411.145 6.038
100.000 435.926 5.931
100.000 111.118 3.878
100.000 477.628 4.846
100.000 149.734 525.366
100.000 478.399 595.502
100.000 28.705 564.756
100.000 438.401 511.807
100.000 558.493 509.256
100.000 259.018 502.803
100.000 263.562 496.278
100.000 323.510 508.991
100.000 63.712 499.479
100.000 517.140 497.861
100.000 511.545 492.684
100.000 488.299 494.575
100.000 7.100 484.662
100.000 295.483 494.294
100.000 557.962 498.649
100.000 554.621 476.941
100.000 390.106 476.095
100.000 484.795 474.901
100.000 430.305 468.533
100.000 267.465 457.892
100.000 323.189 469.099
100.000 522.276 456.869
100.000 548.583 421.455
100.000 551.794 450.073
100.000 238.373 449.724
100.000 486.809 446.505
100.000 489.823 440.681
100.000 576.855 443.131
100.000 581.228 434.739
100.000 596.337 443.739
100.000 179.270 434.555
100.000 56.880 433.283
100.000 302.290 425.624
100.000 289.226 422.326
100.000 293.658 414.591
100.000 267.297 421.300
100.000 488.779 419.499
100.000 413.786 414.488
100.000 395.137 409.071
100.000 22.789 435.607
100.000 84.233 412.695
100.000 59.410 408.250
100.000 436.601 410.059
100.000 343.452 411.435
100.000 293.000 393.032
100.000 269.623 399.754
100.000 504.887 400.123
100.000 466.016 376.381
100.000 11.375 381.838
100.000 85.149 376.675
100.000 22.866 376.616
100.000 274.072 370.329
100.000 410.728 366.205
100.000 399.278 366.721
100.000 56.965 365.735
100.000 196.432 364.767
100.000 543.031 359.051
100.000 220.569 356.271
100.000 285.870 356.585
100.000 240.894 354.511
100.000 4.243 330.931
100.000 7.705 312.606
100.000 21.810 355.233
100.000 276.442 351.190
100.000 408.105 352.331
100.000 404.535 347.068
100.000 561.786 346.933
100.000 324.230 346.385
100.000 451.803 341.520
100.000 494.053 337.311
100.000 128.817 347.803
100.000 48.511 337.803
100.000 163.841 324.826
100.000 436.892 330.732
100.000 587.919 318.994
100.000 317.910 319.068
100.000 226.597 311.303
100.000 94.412 306.348
100.000 596.649 316.017
100.000 42.873 301.726
100.000 30.363 297.272
100.000 538.497 300.191
100.000 417.920 296.349
100.000 187.562 290.511
100.000 44.440 285.502
100.000 536.307 272.253
100.000 415.248 284.873
100.000 263.038 281.375
100.000 586.930 264.633
100.000 552.306 271.284
100.000 469.988 267.500
100.000 293.296 263.930
100.000 296.774 255.067
100.000 32.462 252.378
100.000 99.261 250.509
100.000 2.663 245.017
100.000 539.898 228.398
100.000 385.521 230.657
100.000 468.481 231.761
100.000 454.074 221.574
100.000 411.232 223.196
100.000 425.743 221.833
100.000 164.620 209.267
100.000 44.182 235.917
100.000 297.034 211.435
100.000 374.996 201.542
100.000 214.642 201.985
100.000 495.047 202.888
100.000 471.195 199.869
100.000 430.084 198.058
100.000 99.874 198.434
100.000 299.300 191.645
100.000 159.828 247.773
100.000 200.612 180.108
100.000 42.104 188.905
100.000 472.106 184.828
100.000 474.021 176.616
100.000 395.145 180.590
100.000 400.026 170.755
100.000 282.957 169.037
100.000 56.737 182.491
100.000 342.582 163.477
100.000 219.053 159.342
100.000 157.768 161.970
100.000 138.316 158.502
100.000 338.062 177.085
100.000 460.674 149.827
100.000 269.666 153.908
100.000 287.647 152.395
100.000 361.247 141.893
100.000 189.792 146.063
100.000 186.930 133.910
100.000 283.555 138.749
100.000 106.292 136.016
100.000 24.536 114.133
100.000 5.198 128.829
100.000 235.072 590.447
100.000 321.755 123.326
100.000 82.668 79.690
100.000 83.436 65.540
100.000 70.850 110.881
100.000 83.620 95.660
100.000 86.065 113.516
100.000 91.960 109.779
100.000 525.341 122.811
100.000 328.004 131.375
100.000 111.571 118.303
100.000 301.990 67.850
100.000 323.891 83.957
100.000 210.358 598.879
100.000 303.178 84.314
100.000 287.578 101.976
100.000 281.507 100.332
100.000 350.315 589.871
100.000 166.155 99.457
100.000 179.082 97.890
100.000 432.788 108.492
100.000 343.486 107.508
100.000 351.226 106.561
100.000 528.634 517.014
100.000 261.749 103.570
100.000 510.753 99.657
100.000 478.427 98.333
100.000 238.855 96.088
100.000 392.081 44.287
100.000 394.445 85.921
100.000 394.998 69.258
100.000 329.670 591.805
100.000 139.128 90.748
100.000 491.631 84.728
100.000 427.638 87.858
100.000 431.152 82.719
100.000 568.284 84.419
100.000 77.900 120.962
100.000 240.876 80.875
100.000 470.348 70.419
100.000 593.703 74.904
100.000 563.700 73.988
100.000 453.716 64.595
100.000 470.203 54.914
100.000 465.099 46.601
100.000 316.796 105.938
100.000 552.070 63.753
100.000 463.487 579.774
100.000 506.297 63.139
100.000 498.378 58.656
100.000 480.468 64.388
100.000 429.195 59.418
100.000 590.587 58.488
100.000 34.138 60.511
100.000 233.293 45.758
100.000 237.417 36.459
100.000 564.762 577.564
100.000 224.329 58.087
100.000 224.131 51.249
100.000 484.230 49.164
100.000 587.119 46.152
100.000 79.408 47.561
100.000 208.731 46.826
100.000 191.330 45.613
100.000 598.984 42.202
100.000 98.352 40.114
100.000 298.382 39.038
100.000 237.593 517.515
100.000 348.058 551.309
100.000 80.825 39.342
100.000 261.831 556.621
100.000 216.337 35.023
100.000 522.403 548.460
100.000 134.838 22.735
100.000 266.602 529.639
100.000 255.578 529.547
100.000 493.312 533.397
100.000 430.480 528.686
100.000 559.384 527.402
100.000 389.870 527.401
100.000 202.045 521.244
