100.000 358.072 18.808
100.000 293.512 13.231
100.000 510.038 568.339
100.000 192.705 565.446
100.000 541.819 538.102
100.000 64.011 537.895
100.000 349.266 504.892
100.000 172.840 487.114
100.000 587.922 483.962
100.000 274.236 469.941
100.000 532.406 463.407
100.000 572.063 451.054
100.000 444.608 442.931
100.000 396.508 444.724
100.000 365.714 431.134
100.000 417.011 433.221
100.000 313.027 423.005
100.000 43.775 422.097
100.000 499.395 415.592
100.000 172.427 411.705
100.000 310.597 409.950
100.000 279.799 403.253
100.000 529.919 387.366
100.000 6.004 382.472
100.000 310.322 351.768
100.000 177.039 346.153
100.000 190.502 342.278
100.000 391.421 332.399
100.000 431.306 319.637
100.000 29.840 307.705
100.000 493.218 313.987
100.000 536.528 310.046
100.000 520.182 297.872
100.000 455.113 296.711
100.000 459.282 283.127
100.000 17.085 258.084
100.000 425.195 232.261
100.000 318.299 249.390
100.000 118.519 234.806
100.000 389.975 214.306
100.000 270.089 206.710
100.000 298.936 197.843
100.000 348.377 176.082
100.000 159.076 174.509
100.000 3.464 159.698
100.000 430.299 147.550
100.000 173.689 131.627
100.000 557.017 131.489
100.000 132.722 126.242
100.000 285.766 121.717
100.000 457.591 151.727
100.000 293.532 136.743
100.000 528.931 89.117
100.000 336.069 85.348
100.000 500.236 85.075
100.000 163.351 75.299
100.000 503.539 54.475
100.000 8.087 50.304
100.000 66.752 47.006
100.000 77.905 38.480
100.000 411.543 25.731
100.000 530.091 567.318
