100.000 227.593 22.137
100.000 554.420 569.150
100.000 319.762 598.826
100.000 147.115 559.731
100.000 463.349 551.418
100.000 294.954 515.874
100.000 359.394 515.082
100.000 229.241 503.042
100.000 388.316 496.346
100.000 267.641 486.941
100.000 507.913 462.794
100.000 230.449 430.830
100.000 60.187 432.916
100.000 155.978 432.024
100.000 28.985 431.603
100.000 270.389 429.353
100.000 107.164 430.429
100.000 201.421 430.417
100.000 410.315 428.848
100.000 46.568 464.093
100.000 499.707 425.842
100.000 24.409 418.015
100.000 244.263 459.838
100.000 514.756 399.776
100.000 315.696 388.839
100.000 124.781 382.271
100.000 7.259 357.009
100.000 344.039 356.905
100.000 552.443 339.249
100.000 244.826 316.106
100.000 211.233 293.509
100.000 180.186 276.586
100.000 351.691 235.550
100.000 387.204 230.257
100.000 454.266 207.930
100.000 569.121 200.823
100.000 224.636 192.552
100.000 491.403 175.389
100.000 2.986 175.338
100.000 342.773 160.370
100.000 94.311 156.080
100.000 378.736 192.338
100.000 70.729 145.578
100.000 578.486 121.733
100.000 263.974 122.398
100.000 173.203 114.320
100.000 481.141 111.684
100.000 227.493 81.446
100.000 287.244 30.991
100.000 126.671 29.336
