100.000 502.685 48.113
100.000 550.712 17.259
100.000 543.082 9.064
100.000 429.551 14.821
100.000 351.373 13.850
100.000 392.732 5.320
100.000 282.676 584.808
100.000 17.026 595.034
100.000 222.386 585.509
100.000 507.505 581.815
100.000 21.896 578.274
100.000 44.903 556.908
100.000 496.730 563.565
100.000 145.038 545.147
100.000 424.574 561.566
100.000 229.643 554.895
100.000 25.078 550.671
100.000 294.346 543.666
100.000 468.227 526.111
100.000 542.606 525.058
100.000 388.931 521.350
100.000 496.821 518.767
100.000 376.709 504.878
100.000 122.244 501.545
100.000 332.444 493.247
100.000 2.125 493.330
100.000 480.883 481.478
100.000 79.109 467.013
100.000 543.325 457.320
100.000 31.876 455.708
100.000 13.569 440.269
100.000 207.059 434.390
100.000 473.337 418.700
100.000 257.647 405.812
100.000 25.454 403.030
100.000 542.266 394.618
100.000 457.191 391.791
100.000 466.421 383.611
100.000 497.247 375.322
100.000 40.692 371.878
100.000 380.512 369.592
100.000 542.456 363.537
100.000 464.503 357.540
100.000 449.252 344.683
100.000 52.439 347.488
100.000 327.643 335.754
100.000 461.740 338.121
100.000 498.592 316.446
100.000 519.272 305.407
100.000 368.423 302.238
100.000 294.383 296.531
100.000 493.343 289.889
100.000 202.542 284.508
100.000 347.901 285.373
100.000 590.293 284.885
100.000 578.123 272.738
100.000 241.048 269.882
100.000 390.666 269.911
100.000 123.603 268.330
100.000 433.960 256.142
100.000 46.834 239.197
100.000 515.428 236.668
100.000 307.447 231.254
100.000 461.089 227.936
100.000 165.107 225.140
100.000 338.795 225.211
100.000 559.938 217.320
100.000 37.666 198.321
100.000 138.073 184.344
100.000 482.508 171.957
100.000 119.116 160.329
100.000 551.906 159.573
100.000 37.856 154.776
100.000 557.056 151.608
100.000 539.367 147.864
100.000 141.877 147.220
100.000 540.105 119.568
100.000 271.492 120.239
100.000 31.234 114.524
100.000 569.041 117.982
100.000 8.414 114.173
100.000 157.654 115.210
100.000 164.292 108.954
100.000 260.297 116.416
100.000 95.954 113.714
100.000 408.265 108.178
100.000 111.687 102.149
100.000 385.961 98.119
100.000 198.554 95.594
100.000 73.843 90.805
100.000 32.648 86.130
100.000 542.085 84.950
100.000 211.190 86.834
100.000 392.985 84.968
100.000 129.186 78.580
100.000 191.443 75.761
100.000 83.696 75.594
100.000 477.988 69.264
100.000 19.375 71.214
100.000 337.484 84.278
100.000 301.615 56.343
100.000 524.100 593.186
100.000 573.572 25.618
100.000 46.728 587.819
100.000 400.030 585.557
100.000 540.949 583.710
100.000 565.185 584.336
