100.000 403.102 123.504
100.000 29.623 47.515
100.000 143.609 41.245
100.000 160.190 23.220
100.000 529.343 15.595
100.000 472.139 2.698
100.000 83.907 489.806
100.000 221.510 469.210
100.000 439.260 469.060
100.000 287.456 463.240
100.000 361.795 460.066
100.000 257.620 449.173
100.000 534.835 444.231
100.000 34.475 429.285
100.000 196.962 413.528
100.000 135.881 411.368
100.000 549.869 407.963
100.000 222.229 404.441
100.000 185.693 401.579
100.000 366.016 400.039
100.000 52.488 397.307
100.000 414.717 393.866
100.000 482.923 371.067
100.000 33.789 359.601
100.000 134.945 352.144
100.000 276.483 336.393
100.000 226.787 326.211
100.000 340.212 322.836
100.000 532.023 323.089
100.000 289.137 322.165
100.000 397.882 324.748
100.000 205.205 318.202
100.000 459.553 321.719
100.000 309.440 320.872
100.000 518.199 321.092
100.000 140.466 294.246
100.000 484.628 270.381
100.000 351.770 258.730
100.000 207.716 225.568
100.000 531.600 221.563
100.000 251.031 213.731
100.000 103.188 208.748
100.000 347.527 205.355
100.000 500.891 176.939
100.000 583.426 164.122
100.000 188.960 153.910
100.000 176.775 151.755
100.000 152.679 586.064
100.000 164.001 116.287
100.000 233.386 109.404
100.000 253.928 104.103
100.000 194.789 96.071
100.000 468.385 87.682
100.000 533.205 137.364
100.000 596.580 78.067
100.000 214.820 63.816
100.000 195.410 55.229
100.000 313.757 564.443
100.000 261.555 44.092
100.000 471.642 526.925
100.000 213.637 535.824
100.000 265.581 533.739
