100.000 409.415 66.967
100.000 331.773 22.493
100.000 496.524 17.118
100.000 490.219 17.459
100.000 59.650 19.035
100.000 52.099 11.178
100.000 431.311 2.010
100.000 114.854 564.829
100.000 546.678 597.753
100.000 43.564 597.488
100.000 310.053 561.104
100.000 47.229 550.586
100.000 190.383 550.334
100.000 104.016 530.834
100.000 322.720 524.932
100.000 463.753 524.979
100.000 509.273 518.810
100.000 411.541 508.952
100.000 345.725 488.584
100.000 579.537 480.624
100.000 111.591 478.586
100.000 74.901 480.009
100.000 422.253 491.693
100.000 557.730 473.884
100.000 483.418 476.148
100.000 416.468 476.410
100.000 258.718 477.788
100.000 21.198 470.325
100.000 299.901 464.968
100.000 192.572 443.549
100.000 452.950 445.785
100.000 249.959 437.027
100.000 219.012 432.425
100.000 383.422 410.091
100.000 396.716 400.257
100.000 597.368 384.006
100.000 254.278 374.248
100.000 72.251 382.625
100.000 345.003 370.177
100.000 117.308 372.143
100.000 392.727 370.776
100.000 504.687 361.204
100.000 283.585 354.560
100.000 121.397 339.813
100.000 595.738 330.637
100.000 344.867 331.762
100.000 343.746 314.324
100.000 254.188 301.967
100.000 155.889 301.027
100.000 501.563 299.083
100.000 21.090 299.813
100.000 8.477 296.630
100.000 35.877 292.094
100.000 341.941 283.972
100.000 46.838 274.520
100.000 489.504 264.840
100.000 174.034 252.914
100.000 429.844 254.311
100.000 332.082 267.500
100.000 399.393 285.125
100.000 201.025 240.251
100.000 588.909 234.599
100.000 541.476 233.278
100.000 77.301 216.219
100.000 204.448 199.220
100.000 463.203 194.739
100.000 494.071 198.598
100.000 430.523 196.543
100.000 439.930 184.734
100.000 405.250 177.926
100.000 343.521 173.593
100.000 206.462 175.814
100.000 211.517 169.990
100.000 459.006 164.293
100.000 567.222 164.301
100.000 566.905 158.642
100.000 93.873 160.411
100.000 549.034 154.210
100.000 434.789 156.394
100.000 369.378 152.183
100.000 465.369 149.065
100.000 440.908 141.347
100.000 307.039 136.470
100.000 5.191 136.090
100.000 353.164 143.859
100.000 505.675 133.845
100.000 128.536 120.895
100.000 213.171 121.324
100.000 218.993 114.290
100.000 347.157 117.168
100.000 182.989 101.926
100.000 462.053 98.847
100.000 397.363 96.648
100.000 251.995 97.401
100.000 381.997 96.052
100.000 567.389 88.257
100.000 538.004 78.710
100.000 136.784 76.179
100.000 367.840 72.062
100.000 241.224 586.234
100.000 497.183 62.079
100.000 450.142 51.575
100.000 343.538 54.507
100.000 25.623 51.736
100.000 544.345 51.297
100.000 213.083 64.260
100.000 574.184 39.364
100.000 62.217 577.359
100.000 164.367 581.355
100.000 544.867 573.444
100.000 358.016 563.883
100.000 107.255 563.207
