100.000 33.610 55.422
100.000 522.755 48.353
100.000 554.504 46.712
100.000 436.344 48.894
100.000 116.638 27.651
100.000 197.944 536.354
100.000 440.567 528.278
100.000 48.926 514.044
100.000 66.573 507.744
100.000 457.312 498.161
100.000 324.078 479.006
100.000 154.195 470.410
100.000 282.358 458.303
100.000 359.009 444.155
100.000 106.509 432.614
100.000 522.550 425.489
100.000 196.921 423.445
100.000 147.698 422.652
100.000 19.114 402.383
100.000 295.182 402.495
100.000 533.660 388.908
100.000 474.927 367.875
100.000 133.766 340.186
100.000 595.673 331.911
100.000 92.936 286.481
100.000 20.792 268.247
100.000 338.572 255.161
100.000 490.260 259.140
100.000 376.416 256.010
100.000 90.388 246.548
100.000 470.512 250.615
100.000 312.499 220.207
100.000 425.928 209.464
100.000 145.281 199.415
100.000 385.326 192.473
100.000 359.950 191.160
100.000 567.142 165.002
100.000 435.836 132.068
100.000 598.387 127.646
100.000 117.860 125.853
100.000 186.391 115.860
100.000 503.956 102.295
100.000 57.417 84.469
100.000 476.248 589.548
100.000 401.784 57.178
100.000 179.289 574.894
100.000 31.138 567.839
100.000 443.776 553.465
