100.000 453.885 26.640
100.000 269.651 18.966
100.000 67.617 22.000
100.000 55.113 10.831
100.000 334.008 592.082
100.000 221.126 596.365
100.000 123.045 575.685
100.000 449.093 591.483
100.000 269.704 591.014
100.000 551.653 580.897
100.000 558.125 587.163
100.000 487.202 582.463
100.000 426.711 571.092
100.000 539.509 566.605
100.000 474.202 579.978
100.000 210.347 576.669
100.000 583.619 564.099
100.000 165.221 562.839
100.000 112.466 556.130
100.000 199.588 553.094
100.000 356.983 557.027
100.000 359.153 552.676
100.000 99.018 546.969
100.000 127.664 532.400
100.000 112.270 537.795
100.000 516.740 564.952
100.000 232.991 539.682
100.000 227.355 540.475
100.000 218.562 543.367
100.000 213.044 533.762
100.000 196.060 541.222
100.000 191.880 534.131
100.000 408.196 536.974
100.000 91.558 536.181
100.000 569.519 537.355
100.000 107.300 542.274
100.000 559.325 529.716
100.000 308.505 528.304
100.000 187.720 527.595
100.000 394.165 522.376
100.000 26.782 522.670
100.000 42.045 517.727
100.000 500.405 521.212
100.000 558.634 512.057
100.000 146.814 511.812
100.000 150.766 509.114
100.000 165.992 502.435
100.000 309.612 509.137
100.000 193.738 505.105
100.000 497.572 447.098
100.000 507.056 471.220
100.000 143.028 484.614
100.000 459.896 488.122
100.000 554.512 486.462
100.000 568.276 484.000
100.000 283.199 483.760
100.000 284.075 476.312
100.000 598.094 483.288
100.000 584.041 481.007
100.000 219.173 480.913
100.000 272.067 478.212
100.000 492.754 472.596
100.000 426.090 473.813
100.000 2.946 465.511
100.000 348.437 458.768
100.000 122.268 490.746
100.000 93.692 431.088
100.000 526.956 433.777
100.000 471.974 432.847
100.000 493.471 429.220
100.000 496.558 422.637
100.000 273.523 438.502
100.000 68.283 428.963
100.000 439.886 426.086
100.000 242.671 423.998
100.000 457.888 415.445
100.000 217.102 415.298
100.000 135.953 414.322
100.000 144.670 397.096
100.000 576.368 412.386
100.000 584.250 408.357
100.000 388.039 414.041
100.000 94.295 410.435
100.000 112.829 409.217
100.000 492.369 413.525
100.000 505.760 408.341
100.000 399.066 407.524
100.000 17.004 403.288
100.000 289.715 399.046
100.000 238.292 402.637
100.000 314.570 400.914
100.000 423.600 389.631
100.000 441.405 390.638
100.000 437.301 362.798
100.000 457.124 378.476
100.000 464.581 353.873
100.000 476.889 356.095
100.000 277.549 398.113
100.000 229.188 375.402
100.000 486.432 340.741
100.000 118.912 381.859
100.000 115.887 363.144
100.000 103.559 379.546
100.000 106.260 361.989
100.000 307.020 375.588
100.000 36.704 362.011
100.000 413.229 341.680
100.000 400.260 332.815
100.000 60.918 344.406
100.000 279.412 342.102
100.000 518.840 380.182
100.000 63.839 331.288
100.000 489.515 300.816
100.000 472.195 291.199
100.000 550.292 327.359
100.000 322.535 314.027
100.000 384.587 311.230
100.000 463.853 316.968
100.000 452.476 306.193
100.000 188.728 311.846
100.000 248.786 301.763
100.000 140.132 298.163
100.000 403.292 291.752
100.000 191.559 282.584
100.000 382.046 259.988
100.000 283.944 256.977
100.000 469.191 254.651
100.000 38.263 251.860
100.000 225.587 251.474
100.000 410.889 239.090
100.000 71.991 264.749
100.000 136.795 238.484
100.000 151.518 234.638
100.000 92.523 235.013
100.000 548.428 220.144
100.000 258.348 220.020
100.000 6.079 217.571
100.000 559.149 173.933
100.000 484.971 170.452
100.000 545.213 148.260
100.000 150.596 142.358
100.000 110.927 143.617
100.000 83.689 128.543
100.000 583.076 122.751
100.000 337.859 121.352
100.000 447.138 114.402
100.000 362.102 110.135
100.000 155.436 98.239
100.000 545.883 96.004
100.000 192.571 93.272
100.000 584.196 88.741
100.000 29.810 83.092
100.000 494.916 55.721
100.000 248.909 48.303
100.000 247.115 53.904
100.000 238.219 54.501
100.000 101.182 46.660
100.000 581.113 46.250
100.000 91.177 34.795
100.000 53.281 592.260
100.000 149.476 30.611
100.000 425.502 586.379
100.000 421.447 572.569
