100.000 593.859 78.660
100.000 468.936 36.430
100.000 481.451 26.503
100.000 394.274 18.463
100.000 233.245 18.626
100.000 447.166 17.168
100.000 210.607 8.657
100.000 65.361 7.717
100.000 130.346 2.368
100.000 408.260 525.766
100.000 348.282 597.597
100.000 14.220 521.690
100.000 469.350 512.259
100.000 524.846 504.948
100.000 461.798 512.329
100.000 193.992 494.815
100.000 229.164 494.623
100.000 237.889 486.211
100.000 155.608 480.086
100.000 296.232 462.078
100.000 180.204 461.375
100.000 93.343 454.022
100.000 347.727 441.242
100.000 15.082 442.659
100.000 27.540 434.354
100.000 313.640 423.019
100.000 429.842 411.423
100.000 438.673 415.321
100.000 218.486 416.661
100.000 248.704 403.088
100.000 366.707 370.184
100.000 223.399 351.892
100.000 48.843 345.431
100.000 109.606 342.094
100.000 65.611 334.052
100.000 247.015 322.434
100.000 277.599 320.694
100.000 84.735 323.566
100.000 594.522 313.031
100.000 296.803 316.304
100.000 492.943 304.643
100.000 27.755 298.752
100.000 355.801 298.478
100.000 139.509 284.975
100.000 88.004 276.529
100.000 138.869 269.413
100.000 52.443 269.311
100.000 556.356 322.955
100.000 224.564 244.592
100.000 409.952 243.094
100.000 378.848 240.744
100.000 284.918 234.440
100.000 196.991 228.473
100.000 211.764 227.814
100.000 246.786 231.684
100.000 593.062 219.621
100.000 32.962 218.808
100.000 163.019 206.392
100.000 456.017 194.716
100.000 51.728 177.744
100.000 553.374 171.525
100.000 426.088 161.120
100.000 452.844 153.491
100.000 257.288 118.994
100.000 248.178 118.276
100.000 90.245 101.346
100.000 580.516 589.149
100.000 520.031 94.608
100.000 211.919 40.032
100.000 528.026 581.612
100.000 401.822 582.718
100.000 562.966 577.867
100.000 58.345 575.706
100.000 306.631 552.803
100.000 99.546 548.604
100.000 194.657 535.598
