100.000 218.228 33.211
100.000 310.402 8.989
100.000 428.906 4.534
100.000 134.288 575.523
100.000 5.404 571.653
100.000 207.416 575.372
100.000 209.946 561.149
100.000 451.495 548.413
100.000 343.091 548.419
100.000 594.722 535.700
100.000 540.435 527.274
100.000 419.680 526.530
100.000 477.068 511.227
100.000 162.861 503.031
100.000 187.493 502.620
100.000 517.991 492.417
100.000 259.205 490.722
100.000 382.652 487.548
100.000 321.746 477.051
100.000 15.501 463.848
100.000 226.047 457.121
100.000 422.602 445.695
100.000 438.153 445.321
100.000 124.483 432.849
100.000 225.066 430.861
100.000 261.010 425.187
100.000 41.861 424.014
100.000 450.044 408.313
100.000 305.558 405.453
100.000 151.891 393.254
100.000 194.536 369.892
100.000 468.070 365.944
100.000 38.330 357.515
100.000 16.264 356.189
100.000 141.564 345.418
100.000 591.369 337.478
100.000 596.478 328.305
100.000 507.911 321.807
100.000 521.807 324.725
100.000 251.478 320.038
100.000 61.019 302.389
100.000 4.508 293.039
100.000 291.053 268.966
100.000 539.663 267.578
100.000 102.668 240.264
100.000 16.313 233.351
100.000 463.391 228.416
100.000 590.383 227.940
100.000 489.213 245.574
100.000 178.203 244.283
100.000 331.963 200.718
100.000 313.397 196.047
100.000 270.676 186.740
100.000 192.044 139.598
100.000 223.031 137.903
100.000 108.939 131.545
100.000 370.887 134.120
100.000 478.636 117.718
100.000 482.379 108.793
100.000 575.971 118.793
100.000 283.642 120.082
100.000 354.813 115.965
100.000 56.614 102.173
100.000 328.121 96.210
100.000 264.289 88.988
100.000 85.121 80.864
100.000 130.106 72.639
100.000 146.256 57.299
100.000 350.911 49.259
100.000 266.068 39.944
100.000 106.988 589.504
100.000 6.558 39.740
100.000 495.051 26.452
100.000 295.688 583.988
