100.000 120.616 80.993
100.000 68.384 38.135
100.000 53.438 23.123
100.000 383.729 8.801
100.000 286.299 15.165
100.000 127.216 8.321
100.000 499.140 1.944
100.000 215.402 544.625
100.000 276.922 597.006
100.000 495.423 528.401
100.000 365.724 513.777
100.000 38.966 504.704
100.000 310.937 500.540
100.000 317.386 483.123
100.000 228.169 490.485
100.000 371.264 459.616
100.000 591.764 441.971
100.000 238.819 400.718
100.000 208.654 402.310
100.000 176.796 398.579
100.000 411.320 394.721
100.000 54.303 386.963
100.000 316.745 373.893
100.000 186.023 355.259
100.000 526.262 350.371
100.000 86.182 350.080
100.000 57.271 344.348
100.000 171.123 318.865
100.000 352.904 307.670
100.000 124.865 301.806
100.000 439.108 291.912
100.000 86.015 295.289
100.000 83.228 274.166
100.000 88.667 259.234
100.000 510.741 268.612
100.000 205.924 260.245
100.000 124.952 257.883
100.000 269.712 254.700
100.000 436.692 242.931
100.000 368.292 237.478
100.000 140.790 228.124
100.000 147.318 214.778
100.000 237.251 211.236
100.000 583.179 212.708
100.000 45.065 201.356
100.000 131.944 194.841
100.000 514.228 182.424
100.000 495.350 174.407
100.000 150.677 172.051
100.000 248.416 168.662
100.000 207.398 152.837
100.000 463.860 161.708
100.000 226.959 157.089
100.000 45.468 146.282
100.000 590.669 143.850
100.000 68.689 132.314
100.000 96.525 135.706
100.000 88.603 125.710
100.000 155.160 120.196
100.000 404.330 107.474
100.000 536.219 106.069
100.000 512.115 103.335
100.000 467.234 100.086
100.000 350.899 96.857
100.000 179.334 92.644
100.000 585.513 584.512
100.000 250.895 75.408
100.000 215.142 69.019
100.000 598.956 52.816
100.000 431.542 47.821
100.000 132.265 47.881
100.000 448.981 579.718
100.000 311.233 582.083
100.000 500.197 558.575
100.000 370.952 550.973
100.000 532.076 543.279
