100.000 521.984 157.119
100.000 581.690 27.485
100.000 369.631 26.205
100.000 278.597 4.359
100.000 131.446 7.226
100.000 132.536 547.533
100.000 216.872 541.112
100.000 65.165 545.098
100.000 563.591 534.942
100.000 477.356 528.929
100.000 31.346 510.869
100.000 194.441 514.737
100.000 135.039 507.383
100.000 193.843 502.684
100.000 478.978 492.459
100.000 29.148 479.685
100.000 293.275 484.383
100.000 88.158 476.999
100.000 497.048 478.808
100.000 542.773 473.290
100.000 173.474 469.207
100.000 393.120 457.286
100.000 257.599 463.082
100.000 558.143 463.390
100.000 198.663 444.761
100.000 429.577 442.391
100.000 4.191 434.609
100.000 182.872 427.494
100.000 198.886 423.767
100.000 592.036 418.476
100.000 318.168 406.305
100.000 243.922 398.140
100.000 91.980 397.373
100.000 404.954 397.630
100.000 172.473 360.817
100.000 160.514 389.959
100.000 417.692 376.860
100.000 136.615 364.780
100.000 216.169 362.268
100.000 267.340 355.505
100.000 96.164 352.692
100.000 222.775 341.500
100.000 536.236 328.982
100.000 584.579 306.108
100.000 565.875 294.920
100.000 499.798 306.320
100.000 474.980 304.312
100.000 448.814 300.932
100.000 414.099 301.259
100.000 131.832 291.708
100.000 73.364 291.300
100.000 426.782 288.232
100.000 511.022 307.241
100.000 132.312 273.401
100.000 223.204 273.514
100.000 283.381 265.437
100.000 452.282 258.960
100.000 573.459 249.591
100.000 290.342 245.308
100.000 122.848 192.389
100.000 133.602 179.820
100.000 37.560 576.736
100.000 479.082 187.677
100.000 133.007 143.513
100.000 260.190 139.381
100.000 355.258 136.276
100.000 197.245 127.921
100.000 131.973 123.820
100.000 258.496 118.482
100.000 132.093 90.398
100.000 205.722 77.338
100.000 121.471 68.173
100.000 476.355 49.978
100.000 120.057 44.352
100.000 140.880 579.091
100.000 268.734 572.093
100.000 503.467 556.693
