100.000 151.369 39.574
100.000 575.761 28.507
100.000 335.880 22.360
100.000 397.483 15.266
100.000 35.758 16.709
100.000 467.715 8.729
100.000 532.810 11.774
100.000 361.360 7.827
100.000 200.999 4.096
100.000 23.989 6.143
100.000 90.188 4.349
100.000 430.671 547.553
100.000 107.910 547.220
100.000 13.291 544.447
100.000 500.488 539.283
100.000 508.414 532.555
100.000 579.798 530.569
100.000 147.649 527.825
100.000 49.554 527.681
100.000 324.901 518.397
100.000 326.906 505.616
100.000 505.290 518.562
100.000 11.018 509.553
100.000 535.116 503.076
100.000 438.096 503.703
100.000 171.208 502.858
100.000 381.166 500.083
100.000 255.178 497.529
100.000 580.525 494.292
100.000 486.077 491.075
100.000 91.234 484.947
100.000 424.005 487.147
100.000 224.825 485.345
100.000 119.761 474.358
100.000 319.050 472.077
100.000 532.958 464.385
100.000 180.969 465.892
100.000 587.738 464.006
100.000 111.934 460.091
100.000 60.566 458.527
100.000 388.223 454.118
100.000 478.893 446.608
100.000 330.135 455.483
100.000 328.913 448.571
100.000 417.538 453.197
100.000 511.746 441.835
100.000 327.990 436.680
100.000 80.533 430.675
100.000 531.688 425.103
100.000 385.645 422.690
100.000 414.474 411.841
100.000 256.272 414.940
100.000 213.453 415.546
100.000 435.812 397.853
100.000 452.117 394.400
100.000 135.323 403.693
100.000 268.430 403.257
100.000 511.309 399.699
100.000 33.656 409.117
100.000 326.462 398.344
100.000 487.353 386.103
100.000 37.470 388.792
100.000 397.528 386.625
100.000 181.985 379.989
100.000 538.826 377.411
100.000 436.290 369.023
100.000 330.655 355.111
100.000 146.242 363.624
100.000 258.917 358.740
100.000 571.438 359.317
100.000 206.911 352.116
100.000 597.390 340.127
100.000 457.585 344.680
100.000 500.374 344.700
100.000 66.856 329.421
100.000 94.643 330.937
100.000 237.489 314.560
100.000 585.394 305.882
100.000 302.246 308.447
100.000 181.664 306.810
100.000 361.447 299.175
100.000 151.769 293.736
100.000 12.071 290.879
100.000 297.320 272.233
100.000 571.190 273.281
100.000 491.462 269.585
100.000 236.668 266.568
100.000 60.394 272.187
100.000 341.555 254.012
100.000 100.060 239.431
100.000 130.209 236.368
100.000 106.069 248.676
100.000 297.082 243.134
100.000 327.841 236.677
100.000 306.558 234.131
100.000 426.508 234.996
100.000 178.014 234.519
100.000 117.368 230.373
100.000 5.659 232.917
100.000 407.705 230.399
100.000 512.079 224.655
100.000 449.196 211.255
100.000 574.169 211.273
100.000 421.618 212.213
100.000 597.067 207.492
100.000 379.446 208.961
100.000 38.689 208.221
100.000 335.926 201.120
100.000 116.366 191.117
100.000 195.931 196.912
100.000 395.235 212.929
100.000 369.018 190.727
100.000 540.604 188.987
100.000 21.274 187.244
100.000 129.885 183.102
100.000 58.976 181.837
100.000 558.731 176.219
100.000 137.072 177.377
100.000 246.889 174.227
100.000 440.531 172.104
100.000 171.356 167.110
100.000 408.303 169.605
100.000 152.683 168.412
100.000 37.461 165.820
100.000 24.096 160.536
100.000 78.153 156.864
100.000 546.583 149.326
100.000 443.072 144.866
100.000 62.884 144.438
100.000 391.848 146.227
100.000 180.876 141.488
100.000 9.866 138.753
100.000 20.339 137.038
100.000 244.594 124.382
100.000 536.846 120.874
100.000 90.488 113.255
100.000 247.082 108.639
100.000 166.931 104.556
100.000 543.269 106.458
100.000 489.597 103.222
100.000 526.351 100.017
100.000 351.425 96.602
100.000 376.833 99.721
100.000 579.007 89.170
100.000 302.804 86.459
100.000 259.763 87.811
100.000 386.589 67.807
100.000 430.495 73.463
100.000 25.844 72.595
100.000 227.928 70.418
100.000 5.773 65.200
100.000 85.364 67.911
100.000 146.332 62.118
100.000 308.780 63.316
100.000 335.153 60.021
100.000 105.112 57.577
100.000 465.207 58.431
100.000 435.252 51.953
100.000 202.861 51.269
100.000 307.750 46.221
100.000 145.963 593.002
100.000 533.963 38.275
100.000 463.423 589.709
100.000 547.675 31.293
100.000 546.697 36.703
100.000 253.998 31.983
100.000 546.280 575.757
100.000 238.330 571.658
100.000 381.123 568.957
100.000 318.021 567.076
100.000 595.403 560.456
100.000 308.553 558.673
100.000 7.229 556.793
100.000 55.354 550.370
