100.000 58.373 30.032
100.000 80.248 23.948
100.000 105.114 16.248
100.000 595.962 19.571
100.000 538.273 20.363
100.000 461.123 19.397
100.000 15.769 8.390
100.000 136.565 7.694
100.000 128.494 8.934
100.000 356.590 9.540
100.000 237.235 7.291
100.000 528.793 4.791
100.000 155.017 545.715
100.000 303.445 597.261
100.000 100.571 597.754
100.000 576.871 550.507
100.000 204.226 543.231
100.000 294.717 545.089
100.000 53.842 523.599
100.000 157.753 519.371
100.000 569.426 519.205
100.000 176.902 514.407
100.000 450.020 513.720
100.000 578.017 506.461
100.000 434.830 500.471
100.000 325.048 496.498
100.000 501.568 496.193
100.000 61.846 490.394
100.000 316.420 486.938
100.000 278.323 481.612
100.000 505.165 478.300
100.000 50.831 475.813
100.000 398.117 473.710
100.000 294.322 465.056
100.000 195.918 465.191
100.000 95.216 457.029
100.000 273.575 455.582
100.000 238.142 433.019
100.000 396.778 430.814
100.000 235.172 414.398
100.000 92.415 415.025
100.000 445.222 420.102
100.000 314.372 408.024
100.000 113.517 404.225
100.000 170.046 404.664
100.000 26.085 405.519
100.000 440.298 404.331
100.000 446.872 397.280
100.000 576.256 387.621
100.000 452.445 380.096
100.000 260.656 368.063
100.000 317.466 374.151
100.000 99.003 379.334
100.000 262.916 377.531
100.000 84.367 361.677
100.000 232.746 355.176
100.000 406.619 348.311
100.000 236.405 336.520
100.000 266.843 333.347
100.000 344.021 325.772
100.000 18.245 331.461
100.000 94.249 320.686
100.000 185.661 311.335
100.000 66.209 299.290
100.000 449.396 309.052
100.000 357.745 287.245
100.000 332.913 287.509
100.000 392.022 286.635
100.000 427.260 282.317
100.000 488.422 283.099
100.000 538.027 277.050
100.000 452.301 265.797
100.000 361.820 265.093
100.000 345.620 262.286
100.000 140.599 262.734
100.000 503.032 268.142
100.000 261.596 255.541
100.000 303.161 253.675
100.000 140.309 236.669
100.000 169.029 232.320
100.000 126.763 230.517
100.000 414.925 227.700
100.000 212.464 227.839
100.000 483.457 222.172
100.000 56.449 223.497
100.000 21.079 221.053
100.000 131.563 219.576
100.000 311.029 218.209
100.000 521.116 213.305
100.000 576.760 213.053
100.000 479.878 208.114
100.000 498.663 192.873
100.000 523.232 186.123
100.000 417.825 183.851
100.000 379.788 175.213
100.000 72.120 180.845
100.000 294.575 176.175
100.000 561.010 160.514
100.000 337.039 164.365
100.000 229.798 159.380
100.000 85.408 158.896
100.000 568.123 153.942
100.000 421.225 163.527
100.000 169.969 151.458
100.000 295.740 147.786
100.000 161.944 136.431
100.000 465.632 131.024
100.000 72.557 134.784
100.000 419.689 131.757
100.000 31.871 133.721
100.000 368.648 117.234
100.000 93.424 116.294
100.000 559.412 116.022
100.000 579.684 110.129
100.000 152.120 105.346
100.000 24.057 106.101
100.000 323.213 102.018
100.000 526.442 101.352
100.000 235.894 96.713
100.000 248.658 93.304
100.000 103.914 92.781
100.000 436.647 90.345
100.000 574.854 80.451
100.000 426.455 78.932
100.000 489.035 76.685
100.000 525.564 70.507
100.000 435.600 58.176
100.000 534.528 50.833
100.000 349.884 49.878
100.000 494.613 47.877
100.000 428.222 46.778
100.000 552.902 46.170
100.000 9.876 44.097
100.000 25.261 39.645
100.000 40.279 35.173
100.000 292.277 33.935
100.000 543.080 597.501
100.000 168.927 591.766
100.000 250.991 589.240
100.000 355.064 25.589
100.000 440.068 573.792
100.000 161.498 565.625
100.000 184.445 21.941
100.000 83.052 560.813
100.000 264.005 21.000
100.000 487.184 560.476
100.000 385.811 561.183
100.000 14.358 557.997
100.000 113.006 550.760
100.000 167.203 552.143
