100.000 549.388 35.103
100.000 49.402 30.026
100.000 501.759 23.997
100.000 210.909 18.157
100.000 225.976 8.821
100.000 549.086 8.523
100.000 537.297 587.051
100.000 588.181 598.521
100.000 64.334 595.712
100.000 553.196 561.165
100.000 531.398 548.249
100.000 551.703 535.291
100.000 174.294 526.738
100.000 332.368 525.998
100.000 52.654 521.264
100.000 483.020 520.790
100.000 92.569 516.430
100.000 378.697 507.989
100.000 404.340 508.029
100.000 260.228 504.970
100.000 52.239 495.941
100.000 552.642 484.791
100.000 104.769 484.083
100.000 340.597 477.909
100.000 513.099 460.507
100.000 52.623 465.458
100.000 71.712 457.725
100.000 381.437 462.078
100.000 101.198 443.262
100.000 50.555 434.762
100.000 551.866 434.119
100.000 67.233 420.993
100.000 584.090 417.788
100.000 306.481 409.417
100.000 298.016 383.372
100.000 258.716 376.149
100.000 11.351 379.862
100.000 51.304 372.503
100.000 211.202 361.751
100.000 487.619 359.912
100.000 441.156 360.452
100.000 187.698 345.514
100.000 551.345 339.548
100.000 52.215 326.696
100.000 129.569 324.961
100.000 103.443 301.859
100.000 296.237 297.529
100.000 198.121 293.831
100.000 51.008 277.893
100.000 550.304 268.209
100.000 244.718 267.226
100.000 106.843 266.930
100.000 114.837 268.214
100.000 54.709 267.675
100.000 259.421 267.040
100.000 403.155 267.181
100.000 217.359 267.351
100.000 318.397 267.044
100.000 585.193 263.843
100.000 358.366 249.633
100.000 31.223 247.735
100.000 407.163 244.624
100.000 551.824 242.304
100.000 455.822 238.903
100.000 436.606 239.560
100.000 51.025 239.954
100.000 364.552 228.045
100.000 344.479 227.555
100.000 320.641 230.962
100.000 49.664 213.451
100.000 483.074 208.961
100.000 184.678 208.469
100.000 551.587 204.132
100.000 18.057 202.807
100.000 585.748 186.903
100.000 423.901 193.276
100.000 523.202 187.809
100.000 464.223 188.121
100.000 174.472 175.780
100.000 550.680 176.175
100.000 124.429 155.731
100.000 354.112 152.178
100.000 42.937 152.355
100.000 104.164 151.072
100.000 272.430 151.062
100.000 496.429 149.510
100.000 122.346 142.879
100.000 374.087 149.881
100.000 20.911 142.158
100.000 580.452 111.797
100.000 551.747 104.972
100.000 111.944 110.606
100.000 72.632 104.264
100.000 49.567 90.753
100.000 550.412 67.509
100.000 529.723 84.333
100.000 168.315 83.322
100.000 431.911 77.845
100.000 192.368 69.530
100.000 49.023 56.122
100.000 549.255 52.954
100.000 183.010 48.806
100.000 152.229 44.696
100.000 484.446 595.355
100.000 302.331 38.522
100.000 7.672 588.223
100.000 369.187 584.448
100.000 323.567 22.216
100.000 333.244 583.107
100.000 555.624 583.656
