100.000 11.108 40.020
100.000 118.152 48.321
100.000 311.447 41.684
100.000 480.653 25.136
100.000 147.967 23.181
100.000 158.265 23.781
100.000 161.092 14.153
100.000 162.814 6.591
100.000 393.864 23.049
100.000 380.037 19.243
100.000 548.165 16.748
100.000 470.132 12.472
100.000 269.557 6.232
100.000 501.752 10.017
100.000 208.956 7.888
100.000 32.928 7.542
100.000 400.264 25.138
100.000 195.231 6.617
100.000 366.613 554.427
100.000 432.210 596.659
100.000 64.307 597.510
100.000 77.943 568.870
100.000 85.490 547.288
100.000 151.571 538.020
100.000 174.683 532.696
100.000 459.353 528.947
100.000 249.340 526.846
100.000 50.228 523.505
100.000 495.325 524.553
100.000 385.006 552.162
100.000 491.509 538.003
100.000 583.363 516.840
100.000 5.522 517.462
100.000 15.982 513.306
100.000 245.930 511.188
100.000 87.800 504.926
100.000 546.547 501.654
100.000 317.829 502.439
100.000 380.873 500.048
100.000 461.199 496.142
100.000 305.213 494.092
100.000 276.478 494.795
100.000 594.301 491.472
100.000 518.059 488.580
100.000 388.039 485.668
100.000 195.387 470.200
100.000 199.547 478.187
100.000 233.541 477.811
100.000 153.109 472.603
100.000 93.178 471.756
100.000 448.494 471.993
100.000 351.520 472.110
100.000 349.673 464.170
100.000 3.844 473.930
100.000 561.191 463.809
100.000 94.760 456.962
100.000 507.874 463.821
100.000 107.787 448.337
100.000 312.120 442.902
100.000 421.644 436.855
100.000 403.736 435.392
100.000 557.964 433.935
100.000 99.318 432.043
100.000 241.952 431.992
100.000 374.422 427.582
100.000 212.584 422.526
100.000 424.981 420.576
100.000 321.742 420.847
100.000 235.007 419.617
100.000 117.120 416.561
100.000 132.408 404.431
100.000 206.006 408.866
100.000 12.523 411.407
100.000 34.953 408.291
100.000 551.512 400.582
100.000 388.961 396.616
100.000 36.294 397.994
100.000 452.632 388.145
100.000 270.135 384.286
100.000 209.797 374.298
100.000 422.284 380.612
100.000 192.697 378.165
100.000 174.623 373.193
100.000 372.648 371.357
100.000 113.508 364.269
100.000 472.368 358.823
100.000 219.787 362.620
100.000 6.037 362.524
100.000 339.031 362.155
100.000 29.212 357.075
100.000 372.703 358.210
100.000 41.403 341.906
100.000 56.962 353.586
100.000 53.272 344.257
100.000 196.414 350.878
100.000 247.227 350.618
100.000 168.669 349.553
100.000 444.957 367.007
100.000 467.580 336.210
100.000 51.848 334.334
100.000 312.575 325.939
100.000 185.934 325.682
100.000 105.125 308.152
100.000 116.238 330.601
100.000 111.283 320.968
100.000 116.646 321.012
100.000 86.742 324.808
100.000 577.265 318.909
100.000 387.274 318.669
100.000 138.162 315.827
100.000 473.258 308.218
100.000 22.350 314.502
100.000 82.669 310.647
100.000 29.909 301.581
100.000 119.694 297.855
100.000 520.541 305.260
100.000 213.867 293.403
100.000 270.781 291.418
100.000 264.030 276.615
100.000 161.371 293.360
100.000 133.925 296.717
100.000 476.846 293.286
100.000 30.393 286.627
100.000 64.338 286.022
100.000 125.285 272.846
100.000 574.967 266.760
100.000 62.229 264.422
100.000 244.858 274.456
100.000 131.011 251.300
100.000 170.804 258.445
100.000 420.805 236.285
100.000 313.504 253.214
100.000 225.386 252.683
100.000 323.723 251.851
100.000 284.316 249.326
100.000 2.514 246.998
100.000 18.634 243.137
100.000 379.767 237.228
100.000 563.932 238.903
100.000 54.663 235.256
100.000 37.890 236.168
100.000 213.569 224.639
100.000 30.470 218.009
100.000 102.982 209.616
100.000 133.332 207.131
100.000 310.322 247.448
100.000 319.087 194.700
100.000 383.026 181.635
100.000 408.528 177.172
100.000 343.364 178.186
100.000 343.618 171.745
100.000 226.095 172.577
100.000 243.397 168.831
100.000 136.865 174.301
100.000 465.366 164.829
100.000 5.641 177.802
100.000 537.349 168.292
100.000 558.590 151.303
100.000 208.798 160.435
100.000 80.363 152.904
100.000 27.115 151.026
100.000 141.983 143.523
100.000 180.580 147.729
100.000 382.632 144.578
100.000 310.759 145.645
100.000 496.500 138.973
100.000 349.762 137.688
100.000 273.889 134.008
100.000 97.428 133.069
100.000 46.705 131.356
100.000 146.136 122.124
100.000 561.795 120.171
100.000 313.358 119.038
100.000 529.213 120.021
100.000 381.924 114.357
100.000 246.849 117.396
100.000 411.692 117.003
100.000 261.460 115.144
100.000 491.082 106.761
100.000 77.664 102.378
100.000 405.914 105.010
100.000 212.681 106.259
100.000 290.888 98.889
100.000 182.861 81.970
100.000 177.097 88.610
100.000 175.871 83.188
100.000 130.372 104.776
100.000 277.905 86.348
100.000 151.493 81.385
100.000 314.606 80.945
100.000 567.415 80.073
100.000 7.972 80.693
100.000 199.555 74.993
100.000 102.719 71.158
100.000 467.295 66.866
100.000 237.220 586.106
100.000 157.135 43.270
100.000 150.445 61.378
100.000 177.999 62.400
100.000 253.801 62.241
100.000 516.034 63.020
100.000 164.768 58.090
100.000 143.043 585.000
100.000 447.403 55.390
100.000 373.939 54.352
100.000 484.183 48.750
100.000 24.245 591.292
100.000 209.613 27.032
100.000 60.151 33.232
100.000 478.544 32.981
100.000 207.007 597.040
100.000 14.563 56.369
100.000 349.169 590.302
100.000 314.361 586.108
100.000 173.373 584.653
100.000 33.942 577.699
100.000 268.865 569.643
100.000 480.385 566.563
100.000 276.118 22.793
100.000 424.971 20.554
100.000 166.159 566.025
100.000 35.680 558.044
100.000 27.689 552.399
100.000 522.442 563.177
100.000 564.262 548.853
100.000 287.275 558.937
100.000 58.519 560.243
