100.000 359.156 10.583
100.000 72.266 7.566
100.000 257.764 548.889
100.000 555.834 590.270
100.000 540.332 576.006
100.000 222.546 597.823
100.000 142.655 598.219
100.000 7.614 539.982
100.000 142.883 535.237
100.000 310.791 533.099
100.000 234.915 516.277
100.000 166.408 514.232
100.000 126.488 496.213
100.000 264.009 493.255
100.000 496.170 488.207
100.000 52.921 499.816
100.000 562.564 485.536
100.000 165.964 476.750
100.000 457.493 455.171
100.000 26.988 441.498
100.000 421.178 438.348
100.000 244.701 414.325
100.000 275.217 404.573
100.000 568.525 401.470
100.000 524.870 394.406
100.000 382.731 397.341
100.000 220.276 393.625
100.000 128.009 368.884
100.000 236.368 382.518
100.000 160.354 357.417
100.000 153.457 377.060
100.000 154.831 370.260
100.000 411.454 372.604
100.000 228.986 361.523
100.000 91.572 353.414
100.000 288.674 350.088
100.000 21.705 361.437
100.000 481.794 321.282
100.000 397.348 321.813
100.000 151.324 319.728
100.000 272.979 308.681
100.000 44.327 312.372
100.000 491.493 282.846
100.000 400.884 261.055
100.000 411.607 282.064
100.000 424.572 270.603
100.000 122.237 275.809
100.000 117.676 262.211
100.000 133.575 238.456
100.000 115.133 218.963
100.000 128.288 306.606
100.000 154.194 217.336
100.000 140.640 219.514
100.000 228.545 215.983
100.000 200.243 205.267
100.000 599.096 174.300
100.000 599.132 164.006
100.000 401.086 165.592
100.000 566.502 152.740
100.000 94.687 145.458
100.000 443.005 142.477
100.000 185.331 132.674
100.000 498.855 119.972
100.000 427.752 96.345
100.000 41.763 94.085
100.000 555.444 80.543
100.000 169.928 81.621
100.000 318.738 72.799
100.000 183.981 74.753
100.000 185.990 67.987
100.000 97.904 73.914
100.000 273.677 71.120
100.000 192.122 61.284
100.000 471.742 61.988
100.000 92.847 62.335
100.000 2.329 60.271
100.000 257.665 55.812
100.000 281.062 55.923
100.000 199.735 51.405
100.000 207.059 51.277
100.000 574.672 45.662
100.000 17.899 27.847
100.000 120.188 585.544
