100.000 445.640 57.521
100.000 167.885 44.622
100.000 417.621 17.240
100.000 425.654 16.542
100.000 489.695 15.022
100.000 470.585 11.438
100.000 52.971 6.504
100.000 536.927 559.487
100.000 301.254 547.785
100.000 440.567 543.850
100.000 198.650 546.716
100.000 172.243 537.558
100.000 144.429 532.730
100.000 535.972 523.956
100.000 428.930 520.083
100.000 519.623 514.457
100.000 284.545 505.418
100.000 116.355 489.733
100.000 87.358 487.286
100.000 495.608 486.802
100.000 513.180 481.279
100.000 317.082 471.193
100.000 151.524 471.499
100.000 145.471 471.495
100.000 128.100 467.815
100.000 566.321 465.489
100.000 90.817 455.768
100.000 489.383 456.473
100.000 64.610 457.111
100.000 478.589 449.314
100.000 10.825 448.901
100.000 283.942 441.774
100.000 168.960 434.598
100.000 177.395 437.599
100.000 598.291 435.218
100.000 34.334 432.819
100.000 311.373 394.937
100.000 245.652 382.958
100.000 264.667 382.049
100.000 360.227 372.754
100.000 205.788 382.899
100.000 85.940 375.791
100.000 414.026 367.274
100.000 99.973 363.861
100.000 539.110 352.593
100.000 417.117 385.555
100.000 379.954 341.544
100.000 417.733 327.164
100.000 96.486 308.011
100.000 38.473 293.686
100.000 204.088 284.955
100.000 464.168 281.052
100.000 543.023 273.494
100.000 330.628 269.885
100.000 464.996 259.807
100.000 140.443 252.699
100.000 65.531 253.228
100.000 182.045 237.953
100.000 245.447 229.090
100.000 511.011 217.883
100.000 492.532 216.407
100.000 320.932 206.881
100.000 263.336 198.909
100.000 431.165 179.650
100.000 277.660 175.735
100.000 382.032 165.038
100.000 191.552 150.972
100.000 301.096 146.243
100.000 427.763 142.782
100.000 62.814 137.780
100.000 505.945 132.323
100.000 221.237 124.864
100.000 123.658 120.241
100.000 100.917 105.206
100.000 519.680 94.457
100.000 468.719 94.651
100.000 306.059 89.071
100.000 258.068 83.295
100.000 488.667 75.653
100.000 125.400 72.523
100.000 285.190 588.513
100.000 178.290 55.705
100.000 181.849 49.321
100.000 475.752 585.882
100.000 504.611 37.408
100.000 467.547 32.193
100.000 556.076 27.222
100.000 546.629 25.898
100.000 573.830 37.114
100.000 67.999 21.210
100.000 396.202 580.193
100.000 344.815 557.713
100.000 431.515 17.000
100.000 45.337 553.487
100.000 18.349 548.889
