100.000 178.232 69.961
100.000 251.820 34.534
100.000 357.781 26.348
100.000 66.253 22.358
100.000 588.834 17.595
100.000 8.134 13.838
100.000 235.149 10.812
100.000 18.239 4.386
100.000 187.891 60.769
100.000 548.174 590.008
100.000 371.552 559.688
100.000 328.625 556.723
100.000 84.291 554.283
100.000 59.161 546.706
100.000 44.523 547.261
100.000 16.368 554.019
100.000 215.839 531.023
100.000 248.848 559.203
100.000 431.600 534.794
100.000 199.646 535.395
100.000 420.261 550.779
100.000 76.829 532.742
100.000 333.020 530.660
100.000 163.279 545.250
100.000 93.577 530.717
100.000 260.340 525.343
100.000 138.888 510.353
100.000 212.494 500.985
100.000 206.414 500.361
100.000 472.749 499.431
100.000 365.146 491.742
100.000 24.127 490.523
100.000 86.968 485.896
100.000 114.511 482.891
100.000 199.276 471.741
100.000 255.460 468.157
100.000 430.924 468.341
100.000 167.521 466.490
100.000 165.268 460.525
100.000 328.061 462.386
100.000 74.374 445.206
100.000 256.116 488.746
100.000 150.656 450.866
100.000 163.234 450.430
100.000 160.324 424.256
100.000 394.600 445.413
100.000 366.245 447.597
100.000 454.644 445.084
100.000 383.656 436.820
100.000 434.301 431.591
100.000 421.991 426.596
100.000 471.941 427.453
100.000 315.491 421.002
100.000 57.930 419.601
100.000 482.066 418.434
100.000 269.629 417.424
100.000 294.260 449.484
100.000 35.509 412.279
100.000 340.432 404.251
100.000 525.627 448.150
100.000 521.273 403.812
100.000 543.327 403.722
100.000 287.060 403.214
100.000 84.705 403.086
100.000 582.671 377.721
100.000 590.204 381.649
100.000 594.111 373.976
100.000 394.296 386.906
100.000 2.417 390.499
100.000 305.339 385.261
100.000 246.799 380.991
100.000 356.639 377.638
100.000 587.826 395.543
100.000 191.531 374.078
100.000 101.805 380.952
100.000 548.596 362.988
100.000 554.583 367.734
100.000 328.959 364.702
100.000 185.110 365.425
100.000 42.724 363.990
100.000 296.420 376.031
100.000 120.518 361.300
100.000 490.234 359.873
100.000 16.882 359.764
100.000 351.050 357.764
100.000 26.477 352.841
100.000 412.180 351.384
100.000 379.396 348.078
100.000 524.838 340.117
100.000 282.119 341.627
100.000 98.413 338.422
100.000 566.891 326.268
100.000 490.922 335.417
100.000 441.942 328.229
100.000 386.921 327.202
100.000 598.131 326.920
100.000 341.322 326.512
100.000 501.808 318.504
100.000 535.128 322.913
100.000 589.924 321.583
100.000 259.769 316.572
100.000 465.664 308.305
100.000 22.663 310.677
100.000 233.647 303.934
100.000 302.864 301.123
100.000 446.512 300.622
100.000 353.033 298.684
100.000 163.602 298.529
100.000 561.546 293.749
100.000 552.715 275.197
100.000 307.725 285.336
100.000 370.724 282.816
100.000 388.173 284.152
100.000 382.124 283.337
100.000 78.351 288.236
100.000 593.839 292.256
100.000 413.571 281.396
100.000 57.329 274.392
100.000 590.742 281.916
100.000 107.562 277.378
100.000 210.246 271.041
100.000 365.389 262.764
100.000 586.982 257.739
100.000 341.367 256.894
100.000 36.950 248.612
100.000 269.563 247.488
100.000 501.594 296.996
100.000 314.268 249.597
100.000 487.327 246.735
100.000 441.764 245.513
100.000 225.042 245.277
100.000 219.972 241.010
100.000 384.304 242.148
100.000 64.388 235.975
100.000 96.634 234.081
100.000 103.513 232.199
100.000 235.773 223.203
100.000 538.609 225.822
100.000 316.093 210.097
100.000 31.568 212.616
100.000 293.278 210.159
100.000 437.920 213.422
100.000 270.546 200.845
100.000 551.680 201.479
100.000 166.145 202.845
100.000 296.041 198.315
100.000 428.644 196.901
100.000 215.650 191.225
100.000 484.528 189.722
100.000 524.417 185.535
100.000 40.846 183.793
100.000 8.413 171.518
100.000 312.773 189.142
100.000 441.813 159.610
100.000 430.397 156.914
100.000 437.795 165.395
100.000 432.793 164.609
100.000 67.338 160.184
100.000 159.706 162.474
100.000 106.667 160.068
100.000 240.927 157.751
100.000 500.704 154.835
100.000 322.767 153.604
100.000 465.742 146.961
100.000 96.548 152.031
100.000 395.179 141.521
100.000 389.477 142.445
100.000 421.716 143.152
100.000 267.558 139.227
100.000 68.075 133.712
100.000 499.184 126.119
100.000 249.236 129.346
100.000 52.532 128.576
100.000 477.844 120.087
100.000 103.711 108.578
100.000 13.319 104.227
100.000 585.564 101.212
100.000 206.197 95.930
100.000 295.084 96.623
100.000 154.038 96.206
100.000 383.193 95.288
100.000 201.710 86.655
100.000 525.258 84.576
100.000 551.833 88.865
100.000 415.672 85.468
100.000 488.243 84.406
100.000 447.133 84.584
100.000 422.739 78.299
100.000 326.913 76.588
100.000 219.949 76.337
100.000 361.264 593.185
100.000 279.369 69.015
100.000 44.938 57.883
100.000 523.678 63.338
100.000 204.668 59.367
100.000 251.931 55.338
100.000 72.395 55.909
100.000 314.558 55.655
100.000 364.667 47.658
100.000 349.841 50.188
100.000 121.293 48.052
100.000 126.038 59.816
100.000 15.357 40.225
100.000 392.259 581.286
100.000 403.000 32.991
100.000 538.607 29.891
100.000 400.221 583.653
100.000 478.499 27.251
100.000 570.197 552.940
100.000 566.720 572.967
100.000 555.316 555.152
100.000 576.037 587.809
100.000 544.670 539.429
