100.000 125.206 105.120
100.000 109.116 38.210
100.000 370.971 30.857
100.000 504.000 21.806
100.000 581.625 10.401
100.000 405.839 9.902
100.000 53.007 21.012
100.000 594.412 28.245
100.000 530.970 596.074
100.000 385.378 593.876
100.000 593.049 576.215
100.000 271.250 563.387
100.000 127.207 560.891
100.000 199.501 556.825
100.000 322.382 543.258
100.000 561.177 541.407
100.000 379.999 541.535
100.000 488.964 537.753
100.000 242.413 536.840
100.000 130.825 536.528
100.000 147.903 533.595
100.000 588.326 535.234
100.000 194.893 530.012
100.000 452.175 535.718
100.000 78.254 522.757
100.000 405.976 521.839
100.000 284.700 520.705
100.000 434.365 508.475
100.000 590.286 502.959
100.000 477.710 501.006
100.000 239.789 499.088
100.000 40.783 495.994
100.000 151.153 491.548
100.000 71.672 492.681
100.000 361.686 488.694
100.000 499.453 488.310
100.000 467.359 488.328
100.000 426.626 484.813
100.000 535.512 478.026
100.000 134.647 481.038
100.000 261.800 479.371
100.000 330.917 479.717
100.000 470.184 474.612
100.000 292.471 473.566
100.000 54.435 465.972
100.000 504.801 461.038
100.000 243.637 460.697
100.000 21.819 459.324
100.000 472.360 446.760
100.000 169.821 457.799
100.000 142.666 447.512
100.000 322.052 445.754
100.000 124.429 441.147
100.000 335.278 430.328
100.000 587.743 424.717
100.000 411.580 421.324
100.000 111.620 416.549
100.000 103.499 416.557
100.000 74.418 413.160
100.000 234.228 411.178
100.000 305.160 404.267
100.000 150.397 409.421
100.000 533.143 406.022
100.000 386.182 400.156
100.000 37.800 395.902
100.000 269.658 395.461
100.000 95.656 391.590
100.000 251.069 376.115
100.000 578.510 374.165
100.000 279.164 371.833
100.000 94.042 368.654
100.000 41.447 368.481
100.000 369.403 365.810
100.000 422.313 362.935
100.000 534.740 358.397
100.000 455.088 357.806
100.000 258.511 357.317
100.000 503.007 349.326
100.000 484.469 341.176
100.000 300.354 342.737
100.000 439.969 335.773
100.000 359.377 331.834
100.000 161.191 331.439
100.000 467.918 328.265
100.000 31.888 327.473
100.000 237.510 327.550
100.000 536.462 322.479
100.000 565.643 316.782
100.000 578.648 316.378
100.000 348.603 314.608
100.000 169.338 311.962
100.000 591.138 311.486
100.000 85.650 308.445
100.000 134.510 306.673
100.000 69.324 302.043
100.000 44.262 298.724
100.000 533.420 295.187
100.000 443.018 294.977
100.000 173.580 287.282
100.000 514.183 283.826
100.000 376.172 282.412
100.000 284.517 281.045
100.000 362.039 278.321
100.000 495.506 272.844
100.000 33.722 270.325
100.000 422.085 270.334
100.000 241.988 270.535
100.000 385.831 267.058
100.000 555.169 257.776
100.000 48.263 259.360
100.000 442.944 254.351
100.000 430.898 251.762
100.000 202.844 249.775
100.000 312.841 245.649
100.000 225.457 246.372
100.000 328.426 244.296
100.000 402.716 239.079
100.000 259.400 241.177
100.000 273.274 243.130
100.000 185.441 241.574
100.000 454.857 231.222
100.000 281.505 229.294
100.000 464.524 220.772
100.000 32.552 214.646
100.000 453.787 213.603
100.000 544.737 212.573
100.000 82.725 208.763
100.000 199.239 206.343
100.000 422.371 205.739
100.000 261.994 204.596
100.000 4.161 200.325
100.000 311.779 199.212
100.000 149.393 189.524
100.000 374.540 220.159
100.000 212.716 188.126
100.000 401.515 178.766
100.000 428.084 166.394
100.000 516.029 196.707
100.000 297.189 166.736
100.000 448.123 159.471
100.000 263.823 159.446
100.000 45.186 153.351
100.000 512.857 151.713
100.000 175.852 148.588
100.000 228.202 147.232
100.000 265.787 146.806
100.000 571.302 147.243
100.000 195.132 142.655
100.000 538.271 142.153
100.000 466.849 142.219
100.000 137.453 138.564
100.000 71.726 129.157
100.000 263.909 122.209
100.000 17.421 115.661
100.000 383.106 108.438
100.000 25.026 590.795
100.000 260.786 101.075
100.000 497.985 99.032
100.000 321.689 95.344
100.000 344.994 90.391
100.000 364.942 86.864
100.000 54.864 72.442
100.000 153.770 102.265
100.000 490.049 72.326
100.000 288.108 70.406
100.000 529.348 63.462
100.000 567.683 60.083
100.000 590.611 59.423
100.000 227.470 50.193
100.000 248.500 45.147
100.000 36.528 579.925
100.000 350.686 589.640
100.000 85.482 590.841
100.000 440.938 588.524
100.000 370.525 586.607
100.000 227.456 34.129
100.000 537.444 579.356
