100.000 308.610 16.221
100.000 270.928 9.766
100.000 185.818 2.594
100.000 394.805 533.105
100.000 341.189 596.365
100.000 387.328 542.017
100.000 29.411 557.085
100.000 338.909 551.919
100.000 332.136 518.718
100.000 423.844 497.266
100.000 412.160 511.964
100.000 485.507 488.026
100.000 438.253 479.145
100.000 499.894 471.225
100.000 80.588 469.613
100.000 449.076 466.193
100.000 524.553 462.336
100.000 46.551 448.574
100.000 420.836 451.557
100.000 30.100 450.062
100.000 191.426 445.425
100.000 432.811 419.813
100.000 354.969 415.545
100.000 54.474 390.738
100.000 500.927 388.764
100.000 417.473 380.666
100.000 592.581 370.642
100.000 139.543 353.541
100.000 342.791 348.482
100.000 283.399 334.559
100.000 342.704 324.805
100.000 31.746 320.090
100.000 561.930 301.678
100.000 77.766 255.177
100.000 359.513 242.688
100.000 250.156 243.352
100.000 329.679 245.040
100.000 166.659 222.450
100.000 69.458 228.587
100.000 334.880 218.438
100.000 236.084 217.796
100.000 417.389 205.883
100.000 118.703 186.854
100.000 79.322 182.023
100.000 178.118 136.041
100.000 119.612 121.476
100.000 53.258 102.595
100.000 390.447 92.854
100.000 89.924 94.221
100.000 494.218 90.229
100.000 39.023 71.744
100.000 595.278 48.488
100.000 488.017 41.410
100.000 191.243 24.094
100.000 556.737 20.124
100.000 250.160 592.118
100.000 367.118 566.185
