100.000 554.132 21.606
100.000 103.275 23.868
100.000 329.376 5.800
100.000 427.142 2.293
100.000 464.514 572.010
100.000 336.801 561.808
100.000 188.779 559.824
100.000 91.233 552.631
100.000 13.342 535.186
100.000 137.905 531.953
100.000 64.698 527.538
100.000 401.640 509.600
100.000 303.753 511.799
100.000 528.869 504.916
100.000 136.438 492.470
100.000 178.638 490.291
100.000 165.971 469.853
100.000 137.588 463.175
100.000 286.337 460.386
100.000 325.356 450.575
100.000 46.833 448.612
100.000 146.276 439.512
100.000 137.600 429.716
100.000 376.662 397.515
100.000 94.911 381.684
100.000 585.380 380.287
100.000 281.575 379.826
100.000 424.398 369.128
100.000 597.795 345.252
100.000 301.892 332.410
100.000 218.116 329.948
100.000 444.649 319.584
100.000 272.761 314.276
100.000 428.744 312.378
100.000 63.091 300.493
100.000 496.862 301.643
100.000 207.458 292.755
100.000 357.156 279.522
100.000 500.441 276.064
100.000 15.655 252.573
100.000 511.873 253.615
100.000 174.454 249.212
100.000 425.533 239.330
100.000 257.207 236.011
100.000 261.688 227.248
100.000 176.354 227.341
100.000 448.907 188.041
100.000 157.037 175.735
100.000 132.816 172.532
100.000 243.852 171.079
100.000 232.283 170.234
100.000 17.091 172.230
100.000 326.320 170.846
100.000 277.748 170.383
100.000 582.306 161.993
100.000 535.516 168.383
100.000 508.171 168.700
100.000 392.184 167.602
100.000 178.230 163.161
100.000 230.490 152.527
100.000 136.065 153.980
100.000 56.134 149.224
100.000 259.601 120.972
100.000 134.707 122.617
100.000 61.766 122.838
100.000 287.026 105.964
100.000 19.478 85.307
100.000 316.438 77.379
100.000 135.413 78.129
100.000 222.565 73.298
100.000 362.904 66.360
100.000 76.364 67.106
100.000 299.193 63.223
100.000 129.474 62.657
100.000 135.848 57.964
100.000 262.697 45.812
100.000 344.818 28.526
100.000 132.227 595.435
100.000 338.033 593.692
100.000 246.516 20.473
100.000 138.186 578.256
