100.000 574.339 29.253
100.000 440.006 51.822
100.000 427.882 30.919
100.000 451.823 16.716
100.000 71.992 21.436
100.000 4.328 11.059
100.000 187.617 16.230
100.000 102.983 15.040
100.000 293.179 14.877
100.000 362.616 15.255
100.000 425.116 10.181
100.000 315.482 39.419
100.000 476.200 6.675
100.000 415.113 5.970
100.000 118.320 7.339
100.000 119.080 534.005
100.000 541.932 596.834
100.000 504.471 598.111
100.000 488.385 597.601
100.000 443.239 532.085
100.000 233.833 524.857
100.000 300.902 528.821
100.000 420.057 528.363
100.000 133.668 523.066
100.000 3.300 542.025
100.000 353.096 514.171
100.000 216.967 494.524
100.000 401.384 509.756
100.000 589.889 504.093
100.000 573.565 502.897
100.000 517.747 502.436
100.000 267.990 495.869
100.000 63.490 487.006
100.000 542.084 481.940
100.000 154.176 511.980
100.000 493.287 474.553
100.000 565.867 499.595
100.000 443.567 468.167
100.000 517.391 465.670
100.000 51.200 463.633
100.000 9.745 454.844
100.000 544.340 506.208
100.000 43.998 447.019
100.000 555.275 505.401
100.000 582.370 439.301
100.000 556.335 435.348
100.000 498.670 433.343
100.000 72.145 430.153
100.000 536.187 421.168
100.000 178.567 420.267
100.000 400.134 415.699
100.000 105.262 410.840
100.000 465.983 398.461
100.000 235.337 394.493
100.000 431.002 388.079
100.000 513.115 389.541
100.000 17.759 390.685
100.000 526.174 369.271
100.000 396.398 372.076
100.000 357.102 363.535
100.000 159.977 361.230
100.000 201.792 354.850
100.000 136.498 358.219
100.000 544.681 346.614
100.000 348.760 347.178
100.000 77.116 343.853
100.000 45.921 376.876
100.000 338.394 329.850
100.000 176.138 315.458
100.000 588.488 320.523
100.000 153.596 323.933
100.000 220.620 308.927
100.000 429.225 306.632
100.000 278.473 303.432
100.000 55.845 303.208
100.000 133.627 290.622
100.000 27.865 290.757
100.000 184.833 292.389
100.000 55.760 290.859
100.000 20.356 288.656
100.000 266.821 285.713
100.000 428.103 272.240
100.000 379.927 270.235
100.000 248.122 270.869
100.000 111.691 271.061
100.000 294.239 264.984
100.000 545.136 260.522
100.000 520.748 261.387
100.000 428.478 255.127
100.000 278.771 247.624
100.000 302.201 247.132
100.000 513.041 327.815
100.000 71.001 249.232
100.000 340.523 247.710
100.000 483.901 235.098
100.000 47.637 242.098
100.000 383.930 242.191
100.000 151.931 240.120
100.000 240.461 240.743
100.000 233.354 321.241
100.000 346.340 232.179
100.000 573.635 227.298
100.000 122.333 234.204
100.000 394.432 220.700
100.000 165.975 219.717
100.000 20.921 221.662
100.000 252.575 218.721
100.000 377.893 213.734
100.000 37.705 207.724
100.000 55.819 188.541
100.000 533.249 190.101
100.000 577.741 185.112
100.000 164.063 187.155
100.000 413.095 183.226
100.000 281.493 178.352
100.000 138.696 179.780
100.000 116.951 182.461
100.000 189.545 178.666
100.000 401.410 175.069
100.000 159.498 166.943
100.000 512.045 170.256
100.000 75.816 161.229
100.000 295.199 159.159
100.000 250.783 150.369
100.000 460.921 158.982
100.000 404.865 154.656
100.000 592.047 149.398
100.000 599.301 145.122
100.000 597.640 135.172
100.000 558.961 134.590
100.000 54.221 132.662
100.000 131.574 121.415
100.000 43.466 120.826
100.000 62.667 118.225
100.000 394.743 118.449
100.000 403.961 106.874
100.000 107.273 108.068
100.000 104.368 95.183
100.000 353.860 109.884
100.000 292.679 105.942
100.000 443.589 102.360
100.000 448.401 92.022
100.000 243.433 99.215
100.000 136.630 102.419
100.000 327.133 92.695
100.000 319.767 81.498
100.000 256.477 90.749
100.000 567.653 90.963
100.000 389.031 89.163
100.000 225.746 86.394
100.000 61.665 74.816
100.000 180.599 76.326
100.000 516.780 71.855
100.000 204.149 70.074
100.000 301.447 595.718
100.000 162.014 579.101
100.000 3.873 57.166
100.000 65.490 54.837
100.000 373.033 47.939
100.000 120.119 51.500
100.000 400.973 35.047
100.000 212.986 34.883
100.000 423.272 591.676
100.000 442.919 28.482
100.000 136.493 589.499
100.000 193.245 580.418
100.000 546.819 65.221
100.000 137.341 576.339
100.000 417.185 575.158
100.000 577.212 548.329
100.000 370.376 552.188
100.000 154.017 552.323
100.000 538.739 546.105
100.000 103.495 548.306
100.000 93.154 539.663
100.000 454.047 542.243
