100.000 27.815 72.288
100.000 269.971 20.663
100.000 24.208 16.083
100.000 584.864 2.464
100.000 534.100 574.581
100.000 239.217 598.527
100.000 165.800 574.758
100.000 253.243 563.356
100.000 252.811 551.050
100.000 142.644 557.913
100.000 11.879 531.296
100.000 561.833 536.332
100.000 244.269 530.521
100.000 401.995 484.122
100.000 593.565 493.290
100.000 202.817 492.456
100.000 116.260 488.921
100.000 528.806 482.258
100.000 59.301 468.910
100.000 4.789 470.656
100.000 248.224 458.125
100.000 512.702 450.634
100.000 53.225 454.999
100.000 175.386 446.657
100.000 209.635 505.998
100.000 218.298 416.214
100.000 17.532 413.670
100.000 537.621 397.685
100.000 286.161 517.067
100.000 380.169 384.076
100.000 403.033 358.502
100.000 40.707 359.033
100.000 334.588 353.038
100.000 388.458 324.608
100.000 271.641 326.468
100.000 376.310 305.779
100.000 82.480 293.499
100.000 250.746 287.457
100.000 461.960 268.140
100.000 294.028 302.529
100.000 38.654 262.498
100.000 310.302 261.502
100.000 295.415 257.851
100.000 242.543 257.530
100.000 95.603 233.099
100.000 379.197 219.141
100.000 134.058 205.739
100.000 348.636 200.555
100.000 214.291 203.705
100.000 233.911 197.362
100.000 199.766 196.343
100.000 64.461 197.765
100.000 350.017 169.780
100.000 519.655 164.265
100.000 410.923 166.255
100.000 319.121 157.180
100.000 250.036 157.556
100.000 154.661 149.087
100.000 24.556 152.670
100.000 135.228 149.842
100.000 451.325 130.594
100.000 98.766 127.912
100.000 26.208 113.105
100.000 401.800 109.628
100.000 252.270 106.339
100.000 534.493 84.827
100.000 112.046 595.130
100.000 92.162 74.003
100.000 576.430 75.814
100.000 476.892 64.604
100.000 524.275 49.233
100.000 67.317 41.501
100.000 532.025 32.024
100.000 591.115 25.683
100.000 218.683 22.487
100.000 460.370 581.736
100.000 467.043 574.375
