100.000 115.799 225.352
100.000 576.178 120.346
100.000 542.716 154.741
100.000 189.128 45.748
100.000 378.422 44.716
100.000 464.877 26.977
100.000 558.220 20.339
100.000 136.151 18.947
100.000 119.006 17.209
100.000 173.215 6.763
100.000 251.984 4.283
100.000 219.997 571.293
100.000 522.700 594.397
100.000 330.819 597.473
100.000 104.422 563.122
100.000 594.852 555.628
100.000 348.083 555.749
100.000 262.950 559.678
100.000 4.426 555.178
100.000 165.137 546.408
100.000 113.259 547.585
100.000 90.176 543.256
100.000 75.505 542.018
100.000 200.228 538.660
100.000 300.193 521.662
100.000 189.692 520.241
100.000 19.679 522.073
100.000 253.655 520.428
100.000 542.307 504.923
100.000 158.885 502.891
100.000 71.619 502.908
100.000 401.188 497.325
100.000 207.308 481.519
100.000 17.298 479.008
100.000 428.050 468.371
100.000 340.024 464.115
100.000 13.182 466.575
100.000 115.631 464.589
100.000 356.707 457.764
100.000 295.327 454.620
100.000 86.106 448.317
100.000 224.233 450.833
100.000 209.569 441.574
100.000 199.388 410.637
100.000 592.851 422.745
100.000 359.074 428.813
100.000 530.739 420.422
100.000 470.283 409.140
100.000 1.964 409.017
100.000 297.813 407.471
100.000 255.318 405.805
100.000 269.426 398.878
100.000 363.509 399.499
100.000 535.279 393.579
100.000 227.630 371.618
100.000 284.392 376.704
100.000 581.373 365.681
100.000 57.828 366.611
100.000 84.545 357.546
100.000 163.909 357.714
100.000 356.212 338.973
100.000 576.789 344.464
100.000 510.587 443.201
100.000 138.006 339.070
100.000 272.738 323.798
100.000 12.416 321.979
100.000 484.796 315.068
100.000 44.842 310.019
100.000 26.217 351.146
100.000 520.264 308.601
100.000 457.568 304.384
100.000 222.322 277.072
100.000 230.209 294.454
100.000 241.377 285.242
100.000 75.984 293.340
100.000 59.156 285.139
100.000 507.258 296.086
100.000 101.233 290.859
100.000 323.392 290.296
100.000 179.887 284.341
100.000 176.887 276.870
100.000 136.228 277.196
100.000 114.836 268.718
100.000 330.001 256.848
100.000 34.413 249.921
100.000 473.744 253.937
100.000 301.468 242.405
100.000 297.267 213.047
100.000 490.224 231.364
100.000 172.993 223.547
100.000 558.073 224.873
100.000 188.794 218.256
100.000 340.673 219.880
100.000 203.047 204.388
100.000 108.844 596.987
100.000 230.957 187.209
100.000 233.743 176.206
100.000 473.406 185.994
100.000 585.698 180.644
100.000 524.173 186.974
100.000 321.849 183.223
100.000 183.125 180.052
100.000 407.638 233.797
100.000 353.667 168.968
100.000 103.662 597.126
100.000 193.490 137.059
100.000 30.765 139.984
100.000 411.204 135.657
100.000 358.967 138.511
100.000 6.473 117.312
100.000 111.220 132.289
100.000 261.702 123.131
100.000 436.074 116.265
100.000 196.878 117.336
100.000 177.115 110.763
100.000 543.286 99.567
100.000 79.218 94.360
100.000 354.879 96.108
100.000 354.849 596.153
100.000 192.722 94.953
100.000 249.020 95.574
100.000 516.897 149.793
100.000 300.789 95.625
100.000 44.230 92.339
100.000 564.614 153.274
100.000 436.147 93.925
100.000 381.146 69.704
100.000 14.150 59.274
100.000 121.603 62.304
100.000 259.300 52.734
100.000 103.947 51.364
100.000 320.840 574.382
100.000 313.954 46.434
100.000 492.448 48.107
100.000 133.739 46.970
100.000 137.307 565.052
100.000 448.863 42.827
100.000 3.164 572.598
100.000 597.255 27.396
100.000 463.134 574.825
100.000 61.266 571.555
100.000 416.430 567.740
100.000 422.337 545.882
