100.000 218.410 53.486
100.000 330.567 19.312
100.000 158.225 7.288
100.000 447.618 14.841
100.000 389.440 5.347
100.000 570.922 567.953
100.000 387.837 589.394
100.000 250.377 562.504
100.000 447.160 559.368
100.000 385.608 550.250
100.000 306.444 546.630
100.000 330.038 541.808
100.000 201.197 512.825
100.000 327.446 509.578
100.000 164.389 496.113
100.000 133.920 495.539
100.000 448.558 489.112
100.000 580.353 491.352
100.000 361.797 483.419
100.000 521.183 482.983
100.000 140.672 473.447
100.000 447.828 471.498
100.000 318.639 467.841
100.000 288.061 465.019
100.000 215.374 462.812
100.000 15.176 457.080
100.000 540.941 448.996
100.000 277.963 439.312
100.000 448.453 434.782
100.000 217.543 435.961
100.000 226.474 433.405
100.000 460.828 436.623
100.000 130.468 426.031
100.000 515.706 415.985
100.000 448.692 417.111
100.000 316.620 412.269
100.000 325.289 403.943
100.000 198.316 399.195
100.000 562.829 403.358
100.000 4.476 398.366
100.000 122.285 395.576
100.000 554.005 383.288
100.000 13.971 382.914
100.000 62.489 382.358
100.000 370.311 381.988
100.000 322.724 382.265
100.000 165.837 382.318
100.000 86.126 393.148
100.000 82.490 382.143
100.000 38.703 381.906
100.000 302.265 397.230
100.000 447.820 381.168
100.000 580.375 366.593
100.000 320.331 356.180
100.000 198.824 346.190
100.000 334.351 340.277
100.000 400.978 332.840
100.000 92.531 331.825
100.000 27.695 328.845
100.000 33.551 335.156
100.000 463.679 330.517
100.000 307.537 325.942
100.000 593.601 325.117
100.000 326.700 309.925
100.000 518.277 303.208
100.000 245.264 300.474
100.000 29.506 290.875
100.000 447.031 284.617
100.000 132.496 284.519
100.000 244.225 271.473
100.000 252.636 270.188
100.000 78.967 270.588
100.000 573.266 260.185
100.000 254.598 252.097
100.000 127.879 249.875
100.000 432.351 245.999
100.000 97.622 244.270
100.000 522.333 242.065
100.000 447.548 243.102
100.000 30.434 231.531
100.000 49.424 237.631
100.000 464.719 216.440
100.000 283.048 211.004
100.000 102.531 210.849
100.000 152.812 188.794
100.000 390.694 190.271
100.000 563.418 194.208
100.000 219.017 181.208
100.000 548.101 172.016
100.000 304.410 176.493
100.000 445.155 175.461
100.000 16.077 154.189
100.000 247.011 155.028
100.000 346.022 123.242
100.000 17.667 101.555
100.000 231.321 96.608
100.000 358.594 91.581
100.000 494.768 92.736
100.000 182.973 91.140
100.000 595.983 75.232
100.000 576.084 69.559
100.000 445.587 63.925
100.000 434.720 62.365
100.000 99.253 61.111
100.000 567.938 592.227
100.000 487.390 55.481
100.000 446.201 34.671
100.000 350.614 40.028
100.000 268.700 35.713
100.000 572.010 36.961
100.000 450.117 589.279
100.000 427.818 41.967
100.000 119.907 590.023
100.000 5.495 584.407
