100.000 291.674 297.527
100.000 212.432 76.918
100.000 294.647 62.433
100.000 556.988 55.398
100.000 263.397 47.870
100.000 274.147 42.148
100.000 270.725 30.574
100.000 445.436 36.445
100.000 8.444 24.381
100.000 24.577 22.208
100.000 16.492 13.909
100.000 10.125 9.045
100.000 465.346 8.935
100.000 109.915 11.894
100.000 103.696 7.743
100.000 511.624 5.707
100.000 172.795 3.146
100.000 397.238 6.773
100.000 590.907 5.085
100.000 212.874 534.065
100.000 397.210 597.743
100.000 212.185 597.437
100.000 142.358 597.453
100.000 308.231 530.421
100.000 583.152 524.601
100.000 402.701 521.586
100.000 58.077 499.697
100.000 222.609 518.509
100.000 452.097 518.710
100.000 264.338 504.874
100.000 182.283 505.109
100.000 476.998 514.185
100.000 197.960 499.945
100.000 314.886 499.872
100.000 207.732 499.203
100.000 166.430 493.040
100.000 134.118 516.290
100.000 562.261 485.531
100.000 499.079 488.972
100.000 94.131 480.069
100.000 115.445 476.972
100.000 104.247 466.363
100.000 574.748 512.258
100.000 367.750 476.332
100.000 497.825 475.677
100.000 459.748 472.777
100.000 224.152 469.393
100.000 352.176 471.848
100.000 528.621 467.178
100.000 322.244 468.899
100.000 125.207 466.484
100.000 368.259 458.544
100.000 107.009 452.673
100.000 301.902 452.642
100.000 506.360 448.488
100.000 94.175 447.062
100.000 341.436 448.259
100.000 366.397 446.372
100.000 150.081 443.832
100.000 369.386 426.081
100.000 57.543 434.196
100.000 253.207 428.502
100.000 307.580 433.755
100.000 577.795 427.081
100.000 479.887 427.070
100.000 268.800 422.486
100.000 84.008 419.364
100.000 554.545 419.546
100.000 510.911 418.169
100.000 3.572 428.896
100.000 481.553 410.359
100.000 598.333 410.485
100.000 189.774 410.388
100.000 558.953 410.147
100.000 296.971 405.007
100.000 443.270 395.740
100.000 372.384 388.687
100.000 304.946 390.930
100.000 480.680 383.931
100.000 362.038 386.454
100.000 311.301 379.952
100.000 130.100 385.938
100.000 2.700 373.877
100.000 102.457 375.340
100.000 104.722 356.611
100.000 390.419 365.003
100.000 328.725 368.406
100.000 231.184 363.674
100.000 406.796 357.606
100.000 146.131 367.705
100.000 58.380 340.531
100.000 80.076 370.844
100.000 274.111 591.352
100.000 18.286 315.163
100.000 583.639 304.183
100.000 367.878 302.868
100.000 333.156 306.480
100.000 19.750 304.210
100.000 71.486 302.816
100.000 3.910 301.617
100.000 5.383 329.259
100.000 169.705 290.087
100.000 541.533 278.310
100.000 202.761 274.125
100.000 380.339 294.484
100.000 562.452 265.188
100.000 74.896 267.664
100.000 473.356 266.846
100.000 503.069 260.389
100.000 380.428 256.897
100.000 70.379 242.810
100.000 122.073 246.416
100.000 505.849 246.047
100.000 393.893 245.760
100.000 529.229 327.952
100.000 217.622 323.702
100.000 487.510 237.980
100.000 154.018 237.126
100.000 534.087 234.508
100.000 409.986 236.653
100.000 277.112 232.736
100.000 476.561 315.582
100.000 96.621 228.224
100.000 366.442 225.657
100.000 499.151 312.914
100.000 282.981 222.218
100.000 318.047 218.189
100.000 78.627 219.835
100.000 31.390 216.269
100.000 58.038 194.698
100.000 59.124 183.578
100.000 362.002 189.705
100.000 339.667 194.304
100.000 459.147 192.461
100.000 91.743 188.485
100.000 175.209 176.858
100.000 173.353 185.183
100.000 198.855 178.274
100.000 154.000 183.763
100.000 297.250 178.647
100.000 545.226 175.815
100.000 179.280 168.848
100.000 217.053 165.429
100.000 580.228 166.472
100.000 8.031 168.566
100.000 500.962 148.525
100.000 475.634 150.017
100.000 490.191 158.403
100.000 527.141 153.929
100.000 436.202 163.878
100.000 431.439 156.275
100.000 449.023 151.391
100.000 442.870 151.232
100.000 309.815 142.327
100.000 249.657 148.121
100.000 367.603 154.648
100.000 387.976 149.756
100.000 418.865 138.658
100.000 433.688 135.490
100.000 199.488 156.619
100.000 123.162 151.393
100.000 188.760 155.899
100.000 202.958 139.526
100.000 353.576 136.399
100.000 9.278 137.862
100.000 17.235 125.695
100.000 337.245 132.480
100.000 252.204 160.706
100.000 552.798 132.107
100.000 89.883 126.433
100.000 390.458 122.664
100.000 46.516 121.982
100.000 533.049 113.269
100.000 422.573 114.946
100.000 571.905 113.023
100.000 16.513 108.775
100.000 467.039 110.843
100.000 323.293 108.183
100.000 286.846 115.053
100.000 332.522 105.394
100.000 248.934 101.038
100.000 146.509 100.264
100.000 346.310 88.871
100.000 271.488 97.120
100.000 231.354 96.398
100.000 64.435 95.576
100.000 40.373 90.540
100.000 477.832 77.941
100.000 473.028 85.681
100.000 252.006 86.027
100.000 242.258 595.690
100.000 55.095 81.271
100.000 392.932 75.561
100.000 400.359 64.718
100.000 595.198 591.204
100.000 43.890 69.005
100.000 478.496 67.708
100.000 87.104 65.335
100.000 77.559 63.631
100.000 447.079 63.630
100.000 247.857 54.428
100.000 385.983 595.526
100.000 506.678 48.617
100.000 564.225 585.702
100.000 357.994 581.920
100.000 287.008 581.064
100.000 150.560 47.957
100.000 392.135 46.034
100.000 13.489 45.284
100.000 182.743 579.654
100.000 70.714 41.468
100.000 198.362 39.167
100.000 462.301 81.005
100.000 33.203 581.606
100.000 50.673 24.645
100.000 593.018 578.572
100.000 133.252 561.066
100.000 73.494 557.415
100.000 494.486 556.453
100.000 298.968 553.441
100.000 165.157 547.066
100.000 170.964 533.420
100.000 192.812 46.980
100.000 360.343 553.493
100.000 541.257 544.802
