100.000 599.567 42.390
100.000 424.664 26.700
100.000 65.884 582.455
100.000 111.172 566.587
100.000 460.091 554.094
100.000 150.310 550.412
100.000 375.080 543.446
100.000 119.096 545.537
100.000 69.766 544.128
100.000 535.069 541.764
100.000 17.770 536.198
100.000 7.562 511.368
100.000 517.334 504.320
100.000 575.666 479.927
100.000 246.780 479.674
100.000 386.428 461.789
100.000 55.252 462.219
100.000 280.700 453.913
100.000 406.744 448.476
100.000 32.087 448.748
100.000 430.947 425.111
100.000 83.485 424.368
100.000 394.544 416.808
100.000 556.287 420.652
100.000 311.374 417.559
100.000 14.519 411.474
100.000 290.169 405.318
100.000 480.881 397.046
100.000 349.095 397.624
100.000 88.286 373.969
100.000 198.625 373.000
100.000 345.456 369.800
100.000 511.075 361.110
100.000 458.711 359.868
100.000 343.311 342.037
100.000 374.635 342.040
100.000 76.439 338.690
100.000 216.359 338.125
100.000 229.987 313.733
100.000 191.863 279.279
100.000 163.804 280.216
100.000 467.843 262.126
100.000 236.161 248.890
100.000 58.017 231.864
100.000 490.000 234.331
100.000 545.736 227.968
100.000 296.055 235.629
100.000 504.155 228.411
100.000 237.655 228.000
100.000 152.898 224.799
100.000 213.598 213.724
100.000 359.585 210.331
100.000 559.583 205.356
100.000 121.989 205.175
100.000 490.461 197.290
100.000 3.157 205.216
100.000 464.106 203.347
100.000 97.357 188.439
100.000 287.081 186.490
100.000 548.182 187.148
100.000 208.050 180.041
100.000 578.901 174.896
100.000 156.093 158.434
100.000 351.279 161.661
100.000 113.904 147.624
100.000 251.965 145.234
100.000 11.588 144.752
100.000 308.464 136.962
100.000 347.759 125.372
100.000 240.425 120.256
100.000 332.896 115.393
100.000 97.117 105.807
100.000 540.128 103.572
100.000 461.730 102.840
100.000 308.282 86.852
100.000 325.985 82.234
100.000 454.290 584.013
100.000 380.013 66.481
100.000 301.341 57.510
100.000 291.595 49.314
100.000 96.847 42.186
100.000 420.707 34.793
