100.000 512.349 32.725
100.000 206.814 16.647
100.000 482.060 9.790
100.000 429.436 9.769
100.000 78.524 13.300
100.000 462.852 2.253
100.000 88.263 583.971
100.000 29.387 597.086
100.000 391.731 583.141
100.000 489.090 573.227
100.000 252.149 567.873
100.000 581.277 569.106
100.000 525.795 567.989
100.000 450.614 566.936
100.000 322.976 563.333
100.000 543.329 556.381
100.000 54.473 559.149
100.000 13.935 556.553
100.000 379.446 537.324
100.000 593.710 534.282
100.000 305.448 532.850
100.000 458.690 516.985
100.000 582.109 519.550
100.000 559.984 514.572
100.000 397.113 512.335
100.000 141.889 507.639
100.000 194.405 503.897
100.000 41.107 502.339
100.000 218.507 499.988
100.000 397.399 491.537
100.000 484.830 522.213
100.000 239.872 504.461
100.000 197.407 483.943
100.000 36.436 473.927
100.000 234.333 469.129
100.000 546.097 456.541
100.000 250.491 449.657
100.000 339.299 447.288
100.000 394.828 446.767
100.000 34.990 439.419
100.000 459.563 436.994
100.000 439.668 435.360
100.000 155.951 436.560
100.000 494.922 427.708
100.000 313.587 428.630
100.000 428.443 428.237
100.000 238.718 426.135
100.000 293.674 414.908
100.000 399.141 423.181
100.000 99.227 422.514
100.000 325.000 413.068
100.000 579.579 413.326
100.000 63.073 399.581
100.000 544.798 402.586
100.000 411.391 390.305
100.000 201.810 389.058
100.000 235.634 385.953
100.000 434.053 384.127
100.000 163.485 380.010
100.000 505.454 364.681
100.000 97.261 362.270
100.000 281.951 359.052
100.000 462.640 355.103
100.000 160.736 345.332
100.000 198.315 343.346
100.000 443.407 333.098
100.000 94.020 333.624
100.000 119.782 316.501
100.000 595.328 303.991
100.000 25.387 302.689
100.000 143.425 294.837
100.000 374.899 292.252
100.000 427.583 284.523
100.000 225.184 270.682
100.000 578.372 268.604
100.000 486.531 275.138
100.000 38.642 259.271
100.000 343.128 274.036
100.000 85.513 254.888
100.000 537.358 241.681
100.000 385.509 268.247
100.000 193.993 236.256
100.000 64.856 235.314
100.000 313.577 231.690
100.000 420.483 224.638
100.000 348.173 219.217
100.000 96.093 212.561
100.000 596.287 206.374
100.000 497.498 202.498
100.000 39.846 216.152
100.000 550.147 185.381
100.000 88.169 179.137
100.000 274.726 168.510
100.000 195.489 164.246
100.000 169.203 155.588
100.000 57.641 154.283
100.000 247.431 155.103
100.000 598.810 153.557
100.000 324.871 150.430
100.000 465.453 149.825
100.000 308.608 146.197
100.000 382.983 147.126
100.000 141.717 144.226
100.000 411.477 136.729
100.000 520.512 132.157
100.000 348.862 126.111
100.000 390.860 129.486
100.000 240.526 121.501
100.000 480.547 114.846
100.000 307.457 115.979
100.000 121.310 109.593
100.000 4.236 95.993
100.000 225.656 94.267
100.000 305.883 89.590
100.000 397.833 85.876
100.000 370.261 84.869
100.000 138.309 71.766
100.000 567.276 71.092
100.000 533.826 67.180
100.000 51.166 44.547
100.000 10.817 44.122
100.000 186.443 39.269
100.000 398.755 35.756
100.000 153.084 26.347
100.000 237.180 593.761
100.000 11.715 28.397
100.000 138.994 594.003
100.000 423.874 590.865
100.000 369.690 586.639
100.000 336.480 582.793
