100.000 17.285 21.230
100.000 401.322 7.772
100.000 414.577 9.223
100.000 449.056 2.520
100.000 380.504 5.045
100.000 350.951 1.546
100.000 365.998 2.995
100.000 562.578 565.973
100.000 295.818 598.298
100.000 131.164 526.288
100.000 4.258 503.752
100.000 282.386 502.771
100.000 553.696 499.714
100.000 236.945 490.141
100.000 318.489 465.499
100.000 129.196 459.592
100.000 478.374 448.442
100.000 91.022 449.595
100.000 510.332 445.019
100.000 406.473 437.310
100.000 95.658 439.919
100.000 249.797 422.686
100.000 184.852 419.155
100.000 107.900 416.425
100.000 426.296 415.872
100.000 309.332 409.532
100.000 255.891 406.745
100.000 566.862 399.039
100.000 79.484 396.481
100.000 275.239 394.238
100.000 96.462 387.498
100.000 172.257 378.277
100.000 461.810 363.326
100.000 551.332 356.897
100.000 195.355 350.152
100.000 535.894 339.924
100.000 141.203 323.445
100.000 60.554 318.630
100.000 489.247 302.958
100.000 529.659 298.383
100.000 169.392 280.266
100.000 276.644 271.379
100.000 31.995 269.698
100.000 510.487 238.979
100.000 571.561 243.480
100.000 5.942 229.105
100.000 25.571 201.476
100.000 82.121 182.161
100.000 130.415 168.229
100.000 489.941 161.316
100.000 280.543 156.319
100.000 60.365 154.792
100.000 416.553 145.608
100.000 446.177 143.697
100.000 337.913 141.198
100.000 239.782 90.946
100.000 467.325 88.826
100.000 283.433 78.497
100.000 242.569 62.539
100.000 368.864 55.599
100.000 76.245 46.905
100.000 121.653 43.674
100.000 458.665 42.779
100.000 332.162 596.168
100.000 108.908 594.872
100.000 152.857 585.399
100.000 538.997 581.643
100.000 125.913 573.578
100.000 183.746 567.450
