100.000 284.738 32.217
100.000 247.232 2.119
100.000 100.439 580.025
100.000 105.599 550.425
100.000 451.740 552.958
100.000 172.637 543.811
100.000 172.197 506.156
100.000 568.842 499.505
100.000 589.141 480.875
100.000 514.027 460.390
100.000 401.916 464.149
100.000 221.582 462.195
100.000 78.888 456.643
100.000 353.457 452.961
100.000 413.522 444.618
100.000 522.803 425.529
100.000 262.673 400.481
100.000 233.547 373.997
100.000 153.032 293.725
100.000 39.523 279.256
100.000 256.267 282.497
100.000 551.906 274.214
100.000 531.303 269.992
100.000 107.891 245.861
100.000 376.834 224.304
100.000 107.488 215.805
100.000 86.119 199.894
100.000 208.861 144.966
100.000 15.162 132.636
100.000 271.760 104.106
100.000 344.120 47.735
100.000 65.563 36.005
100.000 252.006 589.627
