100.000 54.939 300.082
100.000 531.644 258.182
100.000 113.975 57.465
100.000 406.721 58.008
100.000 41.003 33.094
100.000 453.377 26.274
100.000 348.329 18.178
100.000 464.834 19.808
100.000 315.865 15.558
100.000 500.532 6.987
100.000 481.127 15.888
100.000 171.850 5.409
100.000 63.775 11.659
100.000 546.457 5.615
100.000 304.511 540.390
100.000 316.368 596.985
100.000 246.379 598.213
100.000 99.466 532.928
100.000 36.624 533.821
100.000 579.468 530.022
100.000 440.565 524.941
100.000 74.511 521.521
100.000 174.866 518.976
100.000 338.069 515.606
100.000 570.380 514.556
100.000 589.155 509.180
100.000 52.615 509.183
100.000 17.857 506.267
100.000 261.957 497.018
100.000 197.933 488.844
100.000 120.057 474.526
100.000 142.882 476.554
100.000 393.403 466.760
100.000 90.209 467.913
100.000 163.308 455.294
100.000 175.667 433.407
100.000 525.144 460.805
100.000 45.126 462.292
100.000 62.214 455.725
100.000 435.315 443.440
100.000 461.008 438.102
100.000 521.608 445.539
100.000 487.589 441.243
100.000 289.043 441.643
100.000 312.546 437.908
100.000 588.862 437.940
100.000 289.551 427.695
100.000 149.870 421.061
100.000 118.070 403.179
100.000 117.510 392.504
100.000 116.978 380.902
100.000 2.843 415.189
100.000 452.175 401.858
100.000 380.387 403.004
100.000 72.738 292.005
100.000 53.694 391.142
100.000 53.174 361.336
100.000 52.531 330.273
100.000 363.555 590.937
100.000 590.312 399.923
100.000 325.042 393.629
100.000 278.954 389.505
100.000 289.597 359.723
100.000 288.387 389.679
100.000 283.897 385.100
100.000 289.394 375.989
100.000 222.617 394.530
100.000 577.077 394.538
100.000 418.625 376.769
100.000 400.336 367.922
100.000 399.358 388.000
100.000 399.181 381.152
100.000 207.037 371.001
100.000 503.248 359.629
100.000 152.559 350.022
100.000 10.630 355.046
100.000 188.008 351.344
100.000 288.984 350.240
100.000 98.902 349.915
100.000 543.963 345.826
100.000 426.092 311.751
100.000 289.601 336.751
100.000 288.988 329.883
100.000 140.333 333.306
100.000 23.230 332.265
100.000 189.106 323.416
100.000 195.779 314.068
100.000 329.041 334.301
100.000 11.406 318.635
100.000 288.500 317.509
100.000 573.786 306.967
100.000 140.860 586.536
100.000 117.469 335.809
100.000 2.426 306.994
100.000 257.415 285.125
100.000 309.745 280.473
100.000 37.314 281.875
100.000 189.540 264.008
100.000 114.914 268.766
100.000 66.469 267.274
100.000 18.580 259.777
100.000 422.399 252.350
100.000 113.853 251.684
100.000 209.356 252.702
100.000 151.626 253.589
100.000 125.490 297.985
100.000 289.858 234.833
100.000 117.058 239.372
100.000 585.011 287.545
100.000 37.973 237.982
100.000 131.071 231.188
100.000 376.704 223.078
100.000 363.291 221.540
100.000 16.945 230.050
100.000 473.552 303.111
100.000 129.390 242.633
100.000 208.866 225.493
100.000 155.862 224.289
100.000 333.743 217.187
100.000 562.927 404.003
100.000 45.198 212.443
100.000 31.908 213.971
100.000 288.013 298.211
100.000 400.017 207.789
100.000 145.106 199.665
100.000 577.697 193.133
100.000 392.123 190.769
100.000 395.815 181.589
100.000 468.312 188.404
100.000 521.528 169.865
100.000 272.511 171.510
100.000 70.354 169.438
100.000 271.896 163.778
100.000 146.438 164.030
100.000 136.898 165.522
100.000 47.272 172.039
100.000 407.576 156.027
100.000 130.166 153.099
100.000 274.299 149.899
100.000 186.656 174.612
100.000 103.228 149.289
100.000 55.957 135.043
100.000 202.851 142.038
100.000 24.013 142.291
100.000 417.406 134.339
100.000 81.766 132.805
100.000 82.448 124.006
100.000 361.851 122.499
100.000 277.662 122.069
100.000 586.861 124.817
100.000 422.578 119.210
100.000 108.003 123.154
100.000 235.350 114.150
100.000 178.616 113.503
100.000 73.284 106.082
100.000 510.022 108.068
100.000 287.196 277.837
100.000 90.637 104.047
100.000 229.821 95.746
100.000 68.818 94.169
100.000 40.157 88.908
100.000 120.719 83.624
100.000 230.110 76.115
100.000 74.884 75.689
100.000 287.704 259.738
100.000 594.080 73.685
100.000 377.649 74.364
100.000 573.016 68.927
100.000 398.466 71.296
100.000 192.054 72.335
100.000 444.835 63.783
100.000 118.719 65.236
100.000 315.397 569.849
100.000 172.667 61.284
100.000 215.317 61.280
100.000 107.299 576.133
100.000 517.858 52.113
100.000 316.895 44.917
100.000 9.127 565.795
100.000 121.098 54.705
100.000 373.540 37.637
100.000 535.797 35.046
100.000 322.154 556.364
100.000 336.548 61.227
100.000 503.434 551.520
100.000 584.187 552.358
100.000 455.346 552.754
100.000 244.625 558.102
100.000 279.411 538.458
100.000 146.350 542.528
100.000 76.131 545.351
