100.000 540.437 103.091
100.000 491.719 32.900
100.000 413.658 15.560
100.000 395.264 15.244
100.000 52.103 31.860
100.000 527.195 13.543
100.000 216.942 14.470
100.000 94.599 18.381
100.000 152.706 548.098
100.000 55.689 523.476
100.000 392.447 524.740
100.000 230.948 519.596
100.000 296.896 511.669
100.000 518.887 509.642
100.000 97.881 482.940
100.000 163.823 485.978
100.000 583.979 478.185
100.000 567.010 463.122
100.000 252.756 472.655
100.000 372.539 455.520
100.000 339.912 438.086
100.000 342.335 430.307
100.000 86.015 420.469
100.000 503.882 412.529
100.000 170.739 412.285
100.000 14.757 413.620
100.000 253.237 407.579
100.000 519.266 397.109
100.000 319.200 396.342
100.000 357.647 379.949
100.000 453.930 383.934
100.000 508.142 421.585
100.000 333.493 364.623
100.000 191.478 361.456
100.000 8.442 362.186
100.000 31.605 355.599
100.000 101.765 351.351
100.000 419.871 340.499
100.000 69.855 343.879
100.000 30.005 315.543
100.000 426.821 313.238
100.000 273.445 303.821
100.000 88.757 291.070
100.000 265.860 272.963
100.000 175.247 253.763
100.000 581.114 252.720
100.000 557.498 248.016
100.000 402.478 236.040
100.000 456.716 240.033
100.000 43.498 234.489
100.000 363.773 212.814
100.000 330.993 195.904
100.000 264.933 201.532
100.000 435.828 194.179
100.000 456.325 194.252
100.000 346.689 185.683
100.000 76.579 189.096
100.000 427.154 180.898
100.000 183.230 177.737
100.000 152.615 178.362
100.000 146.191 159.891
100.000 329.644 154.691
100.000 205.394 148.401
100.000 361.304 146.587
100.000 83.495 141.477
100.000 491.376 151.152
100.000 174.159 142.686
100.000 395.046 136.041
100.000 140.807 588.196
100.000 91.904 79.984
100.000 216.892 74.515
100.000 338.526 63.968
100.000 493.312 66.583
100.000 479.023 49.926
100.000 363.957 40.041
100.000 145.656 584.558
100.000 476.569 584.345
100.000 17.171 584.545
100.000 366.123 570.243
100.000 320.958 571.414
100.000 310.748 33.254
100.000 142.176 563.086
