100.000 48.014 162.874
100.000 556.307 16.131
100.000 498.666 12.668
100.000 36.676 10.595
100.000 546.942 3.058
100.000 256.434 559.052
100.000 379.621 504.182
100.000 186.360 491.517
100.000 112.768 444.392
100.000 94.751 440.030
100.000 513.152 405.747
100.000 234.870 395.469
100.000 454.528 390.579
100.000 371.398 368.062
100.000 506.951 360.510
100.000 170.613 350.201
100.000 585.989 349.479
100.000 24.388 344.900
100.000 302.819 330.945
100.000 207.972 327.955
100.000 217.499 311.866
100.000 377.519 298.107
100.000 383.269 287.110
100.000 401.888 290.682
100.000 401.413 258.311
100.000 206.748 202.244
100.000 548.287 581.593
100.000 5.710 159.835
100.000 438.072 127.640
100.000 299.290 106.520
100.000 81.758 109.144
100.000 233.501 100.361
100.000 158.228 97.443
100.000 262.978 88.036
100.000 307.096 173.435
100.000 160.018 51.508
100.000 201.665 52.003
100.000 382.395 48.243
100.000 255.341 47.563
100.000 298.341 41.966
100.000 282.351 43.485
100.000 332.992 38.979
100.000 391.336 30.536
100.000 420.179 26.688
100.000 443.828 22.880
100.000 461.717 20.072
100.000 3.676 583.108
100.000 279.327 575.985
100.000 589.693 565.618
