100.000 331.246 35.569
100.000 32.712 25.471
100.000 3.832 4.851
100.000 277.990 573.999
100.000 554.699 592.137
100.000 73.935 569.099
100.000 182.040 568.518
100.000 207.363 527.477
100.000 308.590 525.785
100.000 72.999 507.056
100.000 281.913 504.265
100.000 360.067 491.688
100.000 570.989 469.337
100.000 182.630 473.198
100.000 292.825 460.171
100.000 97.885 452.136
100.000 546.574 445.498
100.000 407.500 452.491
100.000 524.457 445.713
100.000 381.070 443.245
100.000 218.952 436.304
100.000 369.245 404.899
100.000 323.004 392.178
100.000 165.909 393.926
100.000 272.316 395.768
100.000 227.357 385.911
100.000 155.810 375.584
100.000 63.274 357.770
100.000 302.066 339.151
100.000 42.973 322.426
100.000 339.464 305.505
100.000 229.254 307.142
100.000 578.783 306.840
100.000 173.750 289.720
100.000 562.696 280.763
100.000 456.620 281.320
100.000 76.207 248.364
100.000 496.738 253.158
100.000 225.723 227.708
100.000 446.390 208.071
100.000 486.648 169.725
100.000 6.689 189.952
100.000 39.007 186.862
100.000 282.566 174.381
100.000 440.211 166.596
100.000 28.363 162.310
100.000 598.442 157.475
100.000 231.609 154.172
100.000 225.275 203.635
100.000 513.903 146.105
100.000 310.430 139.804
100.000 24.620 134.755
100.000 179.818 123.939
100.000 243.868 90.218
100.000 198.504 87.558
100.000 287.985 80.494
100.000 178.613 79.993
100.000 116.066 61.226
100.000 460.568 51.953
100.000 481.557 45.810
100.000 68.011 44.367
100.000 502.503 581.312
100.000 444.349 575.901
100.000 582.134 16.365
100.000 209.472 24.266
