100.000 56.543 130.237
100.000 159.948 20.357
100.000 17.253 16.575
100.000 233.099 564.238
100.000 270.690 592.228
100.000 200.457 598.890
100.000 145.241 597.259
100.000 504.921 569.753
100.000 340.424 542.947
100.000 397.360 555.868
100.000 41.490 548.881
100.000 96.407 543.159
100.000 447.360 536.639
100.000 87.411 527.316
100.000 460.257 525.172
100.000 34.491 506.456
100.000 244.016 503.348
100.000 250.285 500.576
100.000 378.301 501.242
100.000 320.739 538.831
100.000 8.733 464.636
100.000 23.407 452.990
100.000 317.905 465.678
100.000 385.549 448.927
100.000 95.614 423.497
100.000 559.673 426.010
100.000 217.871 399.979
100.000 312.537 382.473
100.000 253.480 374.769
100.000 15.125 368.734
100.000 535.914 346.010
100.000 378.151 332.787
100.000 594.753 338.217
100.000 179.404 337.709
100.000 372.853 324.889
100.000 376.698 319.402
100.000 258.723 319.548
100.000 429.112 307.214
100.000 312.390 284.855
100.000 532.985 283.814
100.000 596.226 274.427
100.000 144.486 258.570
100.000 276.078 269.200
100.000 54.417 254.779
100.000 106.967 239.127
100.000 436.881 240.668
100.000 560.798 225.213
100.000 242.601 214.671
100.000 188.460 197.376
100.000 382.901 200.721
100.000 559.842 172.581
100.000 588.255 591.270
100.000 272.466 148.577
100.000 168.774 142.145
100.000 597.897 134.119
100.000 131.894 127.852
100.000 328.435 100.842
100.000 185.168 87.382
100.000 269.729 91.630
100.000 496.325 86.120
100.000 52.900 579.860
