100.000 64.650 104.326
100.000 292.812 16.304
100.000 97.680 594.633
100.000 225.143 591.641
100.000 223.707 562.831
100.000 395.403 572.113
100.000 158.687 561.368
100.000 588.387 537.243
100.000 496.195 541.376
100.000 267.274 540.635
100.000 514.231 535.164
100.000 351.297 518.202
100.000 426.781 509.661
100.000 358.349 506.830
100.000 147.808 499.538
100.000 357.701 485.722
100.000 374.995 489.443
100.000 297.004 472.072
100.000 49.058 462.794
100.000 280.452 449.889
100.000 597.411 448.819
100.000 575.421 446.262
100.000 185.276 436.166
100.000 430.526 429.195
100.000 415.081 412.723
100.000 281.852 404.517
100.000 523.188 400.331
100.000 149.163 388.656
100.000 578.579 386.309
100.000 531.377 378.813
100.000 373.051 373.990
100.000 580.809 364.884
100.000 485.280 363.312
100.000 197.374 359.420
100.000 344.783 355.913
100.000 202.390 337.362
100.000 566.679 331.037
100.000 207.048 305.214
100.000 356.355 282.611
100.000 359.075 270.239
100.000 102.972 272.144
100.000 564.175 272.664
100.000 486.504 266.000
100.000 394.585 257.348
100.000 72.224 276.945
100.000 323.460 252.393
100.000 283.919 248.568
100.000 246.813 246.547
100.000 164.861 233.745
100.000 73.438 231.803
100.000 104.733 234.384
100.000 288.738 226.363
100.000 199.880 227.568
100.000 65.013 229.386
100.000 10.615 226.430
100.000 595.205 214.058
100.000 235.493 212.354
100.000 95.672 209.579
100.000 268.976 191.728
100.000 222.013 166.483
100.000 302.233 166.219
100.000 37.103 150.066
100.000 327.622 150.968
100.000 569.941 132.951
100.000 139.684 132.586
100.000 408.144 130.699
100.000 489.743 114.349
100.000 234.573 596.695
100.000 217.626 117.705
100.000 221.666 108.991
100.000 559.056 100.105
100.000 39.572 101.718
100.000 41.034 95.552
100.000 397.043 90.595
100.000 224.566 65.644
100.000 27.396 110.343
100.000 236.704 55.871
100.000 23.385 49.044
100.000 565.378 48.082
