100.000 509.065 93.364
100.000 112.856 71.187
100.000 450.739 90.977
100.000 572.304 59.411
100.000 267.269 49.785
100.000 236.969 20.911
100.000 169.704 22.754
100.000 456.687 18.825
100.000 61.796 15.931
100.000 5.494 14.193
100.000 329.338 6.250
100.000 307.140 4.420
100.000 293.801 3.763
100.000 278.871 6.148
100.000 198.834 5.870
100.000 324.944 536.713
100.000 271.620 598.090
100.000 144.138 597.359
100.000 38.753 598.173
100.000 32.513 590.722
100.000 323.570 520.112
100.000 428.989 536.347
100.000 410.611 527.874
100.000 513.019 540.511
100.000 265.632 535.630
100.000 477.650 534.245
100.000 488.050 529.625
100.000 103.765 533.121
100.000 229.685 504.641
100.000 209.957 492.123
100.000 430.565 514.309
100.000 536.933 513.667
100.000 543.270 512.018
100.000 295.007 511.033
100.000 502.345 509.028
100.000 497.385 502.788
100.000 40.288 495.129
100.000 64.219 482.187
100.000 532.496 488.337
100.000 319.234 498.901
100.000 572.944 493.901
100.000 387.033 488.357
100.000 249.974 490.323
100.000 472.763 475.499
100.000 486.942 467.662
100.000 21.930 480.454
100.000 547.183 501.055
100.000 234.435 478.883
100.000 545.421 476.455
100.000 508.697 474.469
100.000 145.400 511.565
100.000 26.241 467.330
100.000 544.207 465.995
100.000 54.447 456.038
100.000 52.155 444.058
100.000 506.360 459.793
100.000 483.945 455.555
100.000 118.208 460.020
100.000 328.227 456.714
100.000 508.583 498.890
100.000 475.397 447.933
100.000 262.183 449.994
100.000 134.036 440.405
100.000 189.548 441.291
100.000 416.300 434.397
100.000 537.641 433.973
100.000 454.845 427.731
100.000 199.656 422.768
100.000 574.354 416.243
100.000 63.758 406.423
100.000 70.971 402.017
100.000 304.671 410.327
100.000 58.510 411.812
100.000 254.218 420.848
100.000 530.388 405.378
100.000 43.452 398.142
100.000 396.779 394.306
100.000 334.074 383.299
100.000 470.130 388.591
100.000 78.320 351.617
100.000 68.044 376.923
100.000 74.593 364.563
100.000 366.818 388.013
100.000 19.843 378.380
100.000 432.174 369.349
100.000 20.536 366.924
100.000 346.575 362.449
100.000 354.087 361.589
100.000 316.131 365.137
100.000 327.114 362.832
100.000 259.486 359.870
100.000 566.507 352.901
100.000 444.505 345.363
100.000 229.084 341.764
100.000 176.041 339.723
100.000 111.186 355.415
100.000 365.424 334.707
100.000 350.236 320.845
100.000 356.492 332.712
100.000 360.908 327.669
100.000 203.554 329.428
100.000 414.714 323.585
100.000 598.194 351.120
100.000 167.319 319.642
100.000 174.220 317.610
100.000 66.560 319.292
100.000 405.216 315.206
100.000 535.550 313.425
100.000 311.733 309.141
100.000 135.540 304.732
100.000 30.421 301.800
100.000 165.502 299.048
100.000 412.017 295.153
100.000 18.187 289.819
100.000 576.852 291.028
100.000 585.130 287.611
100.000 505.380 291.661
100.000 393.227 285.227
100.000 145.410 283.033
100.000 293.750 268.131
100.000 107.456 277.175
100.000 329.425 275.178
100.000 546.135 272.635
100.000 555.803 271.380
100.000 564.620 274.300
100.000 522.378 277.001
100.000 185.051 277.286
100.000 577.880 272.189
100.000 588.840 270.916
100.000 591.165 265.792
100.000 498.398 267.080
100.000 508.363 267.621
100.000 10.811 267.977
100.000 319.490 268.585
100.000 461.291 259.683
100.000 88.347 278.653
100.000 90.136 260.069
100.000 98.799 258.498
100.000 42.385 239.266
100.000 559.837 241.582
100.000 213.653 249.994
100.000 74.123 236.149
100.000 343.212 244.926
100.000 88.130 230.649
100.000 306.034 243.804
100.000 462.999 238.362
100.000 449.667 232.342
100.000 421.281 225.064
100.000 388.526 233.937
100.000 552.195 251.538
100.000 516.733 222.679
100.000 257.385 214.193
100.000 504.765 202.363
100.000 177.245 200.385
100.000 101.492 198.708
100.000 296.195 199.292
100.000 581.655 196.322
100.000 259.846 189.216
100.000 77.528 194.457
100.000 418.753 184.896
100.000 525.149 180.511
100.000 350.935 180.152
100.000 91.482 202.182
100.000 17.766 170.466
100.000 351.058 167.415
100.000 51.965 157.669
100.000 569.135 157.402
100.000 392.560 156.407
100.000 106.241 138.950
100.000 129.181 145.234
100.000 116.724 135.687
100.000 100.084 145.503
100.000 103.501 149.534
100.000 192.921 141.020
100.000 515.692 146.085
100.000 267.700 144.502
100.000 252.273 141.986
100.000 286.062 142.330
100.000 240.286 142.573
100.000 541.736 131.454
100.000 132.384 136.943
100.000 470.585 134.990
100.000 243.758 133.530
100.000 370.029 133.012
100.000 316.369 137.442
100.000 526.793 127.371
100.000 506.562 126.054
100.000 149.739 126.522
100.000 165.661 116.224
100.000 122.250 122.291
100.000 312.658 121.697
100.000 322.386 121.407
100.000 66.670 115.817
100.000 212.417 112.257
100.000 597.029 114.258
100.000 481.219 113.400
100.000 477.508 111.496
100.000 343.107 106.899
100.000 184.924 143.034
100.000 127.677 80.141
100.000 96.575 107.385
100.000 113.915 94.887
100.000 21.940 133.742
100.000 111.597 110.829
100.000 416.108 110.014
100.000 317.734 110.631
100.000 384.502 105.465
100.000 372.025 104.471
100.000 285.099 104.869
100.000 202.790 588.029
100.000 8.703 555.061
100.000 454.092 94.844
100.000 232.013 578.007
100.000 587.496 88.656
100.000 200.214 84.434
100.000 189.056 87.581
100.000 300.975 97.845
100.000 67.405 72.089
100.000 528.053 90.677
100.000 101.239 65.854
100.000 251.860 562.606
100.000 379.373 579.925
100.000 397.935 52.114
100.000 286.663 47.794
100.000 153.360 67.631
100.000 528.686 574.277
100.000 404.176 576.518
100.000 37.415 569.359
100.000 343.098 561.841
100.000 300.522 565.986
100.000 336.974 567.459
100.000 577.519 556.947
100.000 178.466 575.701
100.000 504.482 540.396
