100.000 580.910 46.268
100.000 278.475 32.512
100.000 405.809 33.021
100.000 8.038 27.383
100.000 171.919 21.734
100.000 586.007 17.046
100.000 354.018 23.686
100.000 527.960 9.778
100.000 292.590 5.361
100.000 490.773 3.728
100.000 187.319 4.512
100.000 173.593 3.431
100.000 110.207 553.146
100.000 589.141 598.858
100.000 404.783 591.948
100.000 535.122 551.341
100.000 353.760 546.041
100.000 151.381 542.297
100.000 218.233 545.246
100.000 295.959 535.969
100.000 56.676 539.527
100.000 424.715 527.139
100.000 522.668 523.096
100.000 330.394 512.077
100.000 341.053 503.481
100.000 370.845 508.987
100.000 388.598 513.931
100.000 512.672 514.821
100.000 175.871 506.942
100.000 400.762 500.145
100.000 579.264 504.674
100.000 251.030 498.000
100.000 81.357 489.925
100.000 542.001 491.524
100.000 425.050 488.967
100.000 18.806 478.929
100.000 10.544 458.413
100.000 584.926 480.370
100.000 222.674 471.564
100.000 408.708 467.270
100.000 88.068 462.561
100.000 96.023 459.486
100.000 91.572 454.169
100.000 177.964 454.519
100.000 204.641 451.292
100.000 121.136 448.612
100.000 249.301 442.123
100.000 587.687 438.579
100.000 319.656 434.761
100.000 494.123 419.930
100.000 575.716 426.219
100.000 377.138 424.234
100.000 160.112 428.392
100.000 519.437 414.505
100.000 150.102 412.233
100.000 400.700 411.799
100.000 548.560 407.151
100.000 172.910 406.243
100.000 302.262 407.647
100.000 86.313 403.905
100.000 491.676 393.993
100.000 102.267 389.875
100.000 251.173 382.743
100.000 585.649 376.706
100.000 408.482 375.015
100.000 511.942 372.818
100.000 191.933 385.739
100.000 479.171 368.393
100.000 216.072 357.314
100.000 550.295 363.978
100.000 178.230 344.796
100.000 11.705 347.769
100.000 59.308 350.984
100.000 498.961 337.841
100.000 585.748 337.059
100.000 43.279 334.639
100.000 598.767 332.410
100.000 377.887 332.493
100.000 241.224 330.338
100.000 54.837 334.391
100.000 352.779 316.904
100.000 407.488 321.129
100.000 426.747 316.853
100.000 176.648 313.310
100.000 173.932 299.238
100.000 278.171 319.630
100.000 571.690 316.063
100.000 483.725 314.525
100.000 563.318 304.881
100.000 324.639 319.837
100.000 414.603 307.057
100.000 142.416 298.713
100.000 588.738 290.141
100.000 576.454 277.387
100.000 254.570 289.235
100.000 21.264 279.213
100.000 384.003 278.977
100.000 301.477 279.016
100.000 86.637 271.029
100.000 223.530 273.679
100.000 442.230 270.953
100.000 11.299 269.363
100.000 553.391 269.355
100.000 504.888 291.307
100.000 520.558 264.451
100.000 131.939 263.842
100.000 549.708 261.873
100.000 100.254 260.444
100.000 52.377 253.830
100.000 150.742 241.705
100.000 175.545 252.553
100.000 407.853 245.999
100.000 253.346 237.962
100.000 252.288 225.762
100.000 538.926 232.649
100.000 209.299 237.331
100.000 281.115 232.083
100.000 200.113 232.602
100.000 74.993 228.989
100.000 401.024 228.202
100.000 337.064 214.222
100.000 6.056 220.806
100.000 283.267 219.047
100.000 213.505 220.431
100.000 503.743 217.115
100.000 460.337 216.555
100.000 101.109 210.931
100.000 359.375 206.317
100.000 381.740 204.009
100.000 266.775 205.155
100.000 102.559 195.620
100.000 230.785 188.367
100.000 162.270 187.291
100.000 530.768 186.898
100.000 562.072 174.981
100.000 402.415 173.170
100.000 256.649 176.246
100.000 161.920 176.198
100.000 53.122 167.879
100.000 48.342 165.343
100.000 15.549 168.776
100.000 544.975 163.316
100.000 143.846 162.335
100.000 312.021 159.268
100.000 120.373 155.685
100.000 511.715 154.084
100.000 157.727 153.770
100.000 73.628 154.050
100.000 228.058 150.480
100.000 380.067 134.765
100.000 470.983 137.564
100.000 346.820 136.722
100.000 89.800 137.048
100.000 67.132 136.123
100.000 547.039 121.101
100.000 108.034 127.639
100.000 214.219 119.284
100.000 326.336 123.363
100.000 525.287 111.905
100.000 220.556 142.467
100.000 325.187 111.843
100.000 259.200 108.827
100.000 555.023 136.958
100.000 134.108 86.304
100.000 302.058 71.342
100.000 215.014 73.216
100.000 498.649 62.033
100.000 112.701 58.021
100.000 425.878 88.335
100.000 57.533 59.736
100.000 8.010 53.894
100.000 510.148 49.715
100.000 211.230 596.950
100.000 377.390 49.631
100.000 460.799 35.531
100.000 578.726 596.003
100.000 154.977 591.045
100.000 187.048 595.558
100.000 31.322 587.784
100.000 10.692 582.494
100.000 557.636 576.915
100.000 92.247 573.208
100.000 295.850 564.927
100.000 287.201 556.600
100.000 474.726 554.600
