100.000 299.932 24.543
100.000 160.514 23.248
100.000 557.102 22.106
100.000 393.178 9.749
100.000 383.268 559.291
100.000 537.212 597.699
100.000 399.034 548.437
100.000 490.173 549.190
100.000 476.175 550.355
100.000 211.235 544.693
100.000 159.664 540.640
100.000 453.716 540.410
100.000 103.982 533.362
100.000 4.354 535.225
100.000 519.959 535.717
100.000 65.120 520.304
100.000 357.989 516.727
100.000 356.344 503.178
100.000 369.954 498.898
100.000 264.296 496.865
100.000 582.188 491.166
100.000 312.984 489.027
100.000 503.281 485.803
100.000 138.876 471.176
100.000 236.448 466.864
100.000 411.594 463.158
100.000 406.246 460.018
100.000 176.090 458.543
100.000 427.213 451.680
100.000 472.514 445.699
100.000 194.718 442.700
100.000 502.298 433.916
100.000 523.635 426.259
100.000 337.690 425.918
100.000 398.692 424.220
100.000 520.305 415.685
100.000 127.478 412.883
100.000 226.409 401.333
100.000 544.178 396.134
100.000 198.150 395.830
100.000 564.581 387.413
100.000 281.634 378.947
100.000 475.444 376.424
100.000 346.211 374.693
100.000 403.713 371.915
100.000 97.047 370.826
100.000 317.630 362.354
100.000 354.336 353.702
100.000 230.720 353.033
100.000 369.222 352.436
100.000 159.321 343.528
100.000 564.285 337.565
100.000 77.553 315.992
100.000 269.894 313.334
100.000 520.823 304.414
100.000 373.409 305.913
100.000 443.627 293.604
100.000 342.371 293.824
100.000 464.958 289.946
100.000 593.590 291.277
100.000 46.504 290.845
100.000 126.508 290.014
100.000 501.514 270.649
100.000 447.481 265.628
100.000 176.123 259.974
100.000 116.823 255.231
100.000 117.160 244.631
100.000 370.322 250.252
100.000 225.758 231.638
100.000 109.335 235.038
100.000 331.957 233.745
100.000 276.939 228.362
100.000 277.543 216.859
100.000 61.208 224.353
100.000 531.129 222.374
100.000 20.464 220.332
100.000 165.550 209.058
100.000 70.563 206.944
100.000 127.356 201.013
100.000 5.976 200.041
100.000 416.036 200.205
100.000 215.076 192.519
100.000 439.736 190.140
100.000 56.440 187.587
100.000 274.035 166.159
100.000 203.994 167.695
100.000 541.044 156.329
100.000 7.356 142.208
100.000 190.812 140.077
100.000 511.982 134.923
100.000 580.335 127.988
100.000 130.309 128.781
100.000 70.356 116.498
100.000 236.482 115.861
100.000 473.391 113.244
100.000 385.131 111.127
100.000 551.222 138.810
100.000 34.704 108.260
100.000 339.612 105.057
100.000 319.215 100.451
100.000 417.564 94.316
100.000 236.838 97.062
100.000 68.826 86.152
100.000 406.060 85.100
100.000 433.717 77.682
100.000 288.622 66.582
100.000 546.089 50.998
100.000 292.173 43.538
100.000 108.825 41.654
100.000 406.471 40.158
100.000 2.127 32.206
100.000 396.517 596.943
100.000 358.944 589.199
100.000 342.682 598.072
