100.000 355.227 32.169
100.000 491.167 596.761
100.000 346.687 596.272
100.000 255.498 577.905
100.000 153.467 553.851
100.000 121.589 558.441
100.000 479.212 546.892
100.000 342.760 520.677
100.000 297.100 508.789
100.000 311.425 493.796
100.000 21.180 489.626
100.000 440.045 474.419
100.000 311.306 481.445
100.000 317.244 480.636
100.000 79.966 465.283
100.000 422.775 451.025
100.000 506.900 429.708
100.000 495.740 435.377
100.000 514.024 389.682
100.000 287.291 382.226
100.000 305.052 382.302
100.000 298.695 379.527
100.000 465.185 351.343
100.000 365.936 307.942
100.000 78.629 304.861
100.000 387.754 290.471
100.000 288.348 296.247
100.000 146.046 270.443
100.000 582.507 254.306
100.000 475.695 204.044
100.000 251.790 194.148
100.000 21.236 168.272
100.000 431.176 153.716
100.000 268.287 138.775
100.000 8.507 134.082
100.000 357.973 132.509
100.000 393.162 128.769
100.000 110.493 120.515
100.000 477.659 110.118
100.000 166.505 100.954
100.000 469.753 67.281
100.000 224.676 42.469
