100.000 130.246 91.792
100.000 406.894 48.173
100.000 469.388 26.479
100.000 64.284 9.194
100.000 179.529 18.213
100.000 543.513 2.311
100.000 296.036 2.428
100.000 598.459 539.463
100.000 137.138 543.764
100.000 495.165 535.617
100.000 202.386 509.422
100.000 202.903 498.491
100.000 556.270 532.546
100.000 301.923 510.471
100.000 467.087 492.989
100.000 98.845 487.534
100.000 273.018 531.778
100.000 460.386 476.474
100.000 218.765 474.384
100.000 141.638 461.536
100.000 249.992 458.694
100.000 137.223 447.151
100.000 21.472 434.592
100.000 195.098 426.255
100.000 299.825 417.651
100.000 589.003 417.459
100.000 32.510 400.169
100.000 194.853 406.074
100.000 313.937 396.804
100.000 182.649 371.176
100.000 105.677 378.389
100.000 414.423 378.798
100.000 415.699 368.677
100.000 80.873 377.037
100.000 127.453 356.637
100.000 321.874 353.995
100.000 64.115 357.850
100.000 440.743 353.079
100.000 466.596 332.070
100.000 488.344 313.980
100.000 286.434 346.991
100.000 245.291 343.091
100.000 283.922 324.053
100.000 144.883 293.541
100.000 373.012 280.351
100.000 104.876 254.332
100.000 3.135 232.958
100.000 382.600 214.808
100.000 564.081 196.340
100.000 594.414 190.205
100.000 536.854 190.143
100.000 507.189 188.513
100.000 359.550 177.429
100.000 34.873 167.142
100.000 520.985 160.558
100.000 33.421 137.723
100.000 105.398 134.638
100.000 265.634 131.846
100.000 117.036 122.789
100.000 536.601 111.877
100.000 464.153 104.263
100.000 153.341 94.971
100.000 436.271 581.984
100.000 196.299 88.036
100.000 226.776 81.184
100.000 177.072 76.473
100.000 561.189 62.791
100.000 265.553 54.376
100.000 204.269 575.756
100.000 176.913 49.965
100.000 86.230 54.084
100.000 321.487 41.172
100.000 287.710 559.137
100.000 279.717 556.305
100.000 60.508 563.706
100.000 305.800 552.978
