100.000 85.206 79.757
100.000 183.544 47.045
100.000 496.534 4.979
100.000 24.210 553.036
100.000 38.626 595.928
100.000 109.675 550.248
100.000 515.835 546.970
100.000 258.889 530.693
100.000 404.923 523.831
100.000 90.728 497.668
100.000 377.488 488.769
100.000 196.013 471.486
100.000 148.399 472.730
100.000 565.295 466.830
100.000 498.295 462.073
100.000 125.993 460.251
100.000 69.547 449.102
100.000 148.690 444.132
100.000 186.650 439.096
100.000 198.857 427.929
100.000 512.485 416.605
100.000 325.689 406.167
100.000 234.103 390.429
100.000 437.411 391.965
100.000 295.338 365.935
100.000 346.690 338.095
100.000 309.555 323.907
100.000 229.564 321.221
100.000 468.825 313.053
100.000 405.176 309.956
100.000 558.781 301.250
100.000 572.802 299.281
100.000 50.659 272.061
100.000 32.830 273.191
100.000 484.764 266.175
100.000 131.551 259.719
100.000 574.133 236.861
100.000 594.105 219.312
100.000 68.084 227.103
100.000 144.576 224.782
100.000 228.064 219.694
100.000 366.765 217.003
100.000 512.985 219.282
100.000 371.012 197.098
100.000 8.921 183.791
100.000 240.600 154.472
100.000 544.575 145.306
100.000 426.150 127.788
100.000 145.989 112.662
100.000 184.687 156.530
100.000 191.645 111.575
100.000 120.666 596.265
100.000 204.497 62.614
100.000 448.478 64.756
100.000 175.801 62.250
100.000 285.388 57.091
100.000 554.770 54.768
100.000 109.869 595.958
100.000 32.646 32.733
100.000 536.085 30.239
