100.000 314.329 31.224
100.000 511.208 16.535
100.000 282.109 23.448
100.000 31.188 18.954
100.000 43.178 5.321
100.000 587.369 10.088
100.000 542.912 10.963
100.000 547.955 7.568
100.000 438.012 27.499
100.000 589.004 597.745
100.000 458.955 594.274
100.000 107.996 598.322
100.000 520.383 580.785
100.000 223.292 581.373
100.000 100.677 579.788
100.000 115.679 578.865
100.000 416.267 569.508
100.000 261.094 571.964
100.000 554.575 567.818
100.000 80.754 549.377
100.000 151.962 544.557
100.000 490.404 546.563
100.000 309.058 543.620
100.000 377.441 538.728
100.000 591.710 529.899
100.000 75.529 532.151
100.000 4.649 534.396
100.000 212.633 545.704
100.000 538.721 524.879
100.000 530.849 523.146
100.000 257.435 517.783
100.000 250.954 522.067
100.000 108.524 517.579
100.000 338.299 508.890
100.000 27.718 508.868
100.000 444.198 506.008
100.000 361.766 502.148
100.000 47.251 495.955
100.000 66.386 518.188
100.000 240.436 487.794
100.000 10.524 478.882
100.000 303.519 487.496
100.000 481.272 479.512
100.000 373.149 451.953
100.000 64.375 453.619
100.000 429.041 447.967
100.000 493.130 442.257
100.000 547.638 434.158
100.000 591.194 437.531
100.000 184.474 435.493
100.000 464.686 430.171
100.000 90.457 424.604
100.000 498.293 422.815
100.000 459.759 419.989
100.000 452.847 412.836
100.000 401.925 420.562
100.000 237.456 408.536
100.000 419.880 411.161
100.000 334.649 408.621
100.000 311.018 412.675
100.000 337.005 414.543
100.000 593.895 396.029
100.000 454.361 394.743
100.000 558.016 379.359
100.000 560.028 391.654
100.000 238.092 392.802
100.000 53.001 386.838
100.000 109.169 385.637
100.000 174.248 367.091
100.000 560.409 366.351
100.000 562.639 354.774
100.000 558.788 350.390
100.000 447.145 366.645
100.000 581.888 365.782
100.000 431.076 364.361
100.000 53.439 339.895
100.000 39.830 335.556
100.000 361.382 341.214
100.000 246.434 337.948
100.000 336.893 337.912
100.000 455.772 334.328
100.000 96.053 325.210
100.000 206.006 325.894
100.000 166.980 323.948
100.000 300.815 324.092
100.000 115.267 320.364
100.000 549.872 322.769
100.000 581.697 310.582
100.000 442.116 309.483
100.000 270.659 308.947
100.000 565.088 324.737
100.000 465.873 304.550
100.000 436.960 288.880
100.000 505.961 318.414
100.000 192.090 294.807
100.000 328.365 283.549
100.000 392.927 289.721
100.000 568.126 280.762
100.000 3.734 283.166
100.000 200.988 280.754
100.000 522.058 271.968
100.000 289.798 279.476
100.000 27.390 281.207
100.000 263.720 278.532
100.000 79.135 274.012
100.000 413.894 266.880
100.000 466.882 264.995
100.000 259.419 255.554
100.000 292.607 257.228
100.000 297.504 254.214
100.000 15.997 259.159
100.000 129.315 249.786
100.000 37.173 251.779
100.000 543.413 242.496
100.000 584.830 232.254
100.000 351.801 234.065
100.000 365.274 231.931
100.000 245.796 224.195
100.000 345.934 223.862
100.000 73.894 212.607
100.000 74.619 206.594
100.000 126.167 218.856
100.000 482.979 212.330
100.000 277.170 210.166
100.000 569.225 211.435
100.000 404.072 208.486
100.000 209.589 207.927
100.000 461.992 202.905
100.000 424.839 197.124
100.000 111.099 190.548
100.000 183.327 187.317
100.000 63.599 183.348
100.000 276.823 183.153
100.000 372.634 189.980
100.000 571.580 180.902
100.000 414.661 182.815
100.000 91.991 171.164
100.000 430.164 163.435
100.000 254.656 172.883
100.000 122.353 167.811
100.000 267.614 167.569
100.000 59.728 164.578
100.000 309.829 157.874
100.000 250.838 148.264
100.000 490.005 143.161
100.000 497.508 141.142
100.000 574.525 152.529
100.000 265.248 142.416
100.000 41.218 141.892
100.000 318.243 136.655
100.000 464.266 135.051
100.000 422.539 130.252
100.000 59.519 129.372
100.000 105.160 127.731
100.000 372.689 129.071
100.000 28.237 130.219
100.000 173.909 122.210
100.000 533.553 125.894
100.000 235.280 112.855
100.000 124.300 116.512
100.000 374.266 115.369
100.000 444.539 114.815
100.000 417.443 108.000
100.000 187.348 115.169
100.000 287.248 114.026
100.000 70.500 109.006
100.000 68.898 103.651
100.000 435.775 106.900
100.000 493.177 96.818
100.000 105.391 98.810
100.000 174.535 99.226
100.000 83.381 95.109
100.000 404.615 86.257
100.000 470.465 80.646
100.000 329.336 78.606
100.000 218.665 76.177
100.000 411.904 75.595
100.000 270.811 75.531
100.000 14.614 76.188
100.000 489.582 68.948
100.000 584.755 63.780
100.000 169.255 65.319
100.000 529.442 56.973
100.000 576.994 57.045
100.000 467.418 54.288
100.000 388.466 53.687
100.000 412.269 44.701
100.000 580.042 594.957
100.000 20.865 35.114
100.000 593.941 38.667
100.000 236.562 34.698
100.000 369.725 594.337
100.000 309.243 591.505
100.000 184.046 25.183
100.000 485.265 583.095
100.000 188.206 591.065
100.000 15.575 19.212
100.000 192.819 585.194
100.000 262.090 596.693
100.000 33.116 583.817
100.000 470.667 37.932
