100.000 463.672 65.223
100.000 521.715 17.567
100.000 44.781 17.703
100.000 145.793 15.741
100.000 333.452 578.538
100.000 218.006 597.846
100.000 149.194 574.629
100.000 357.143 573.983
100.000 520.677 574.085
100.000 463.526 570.269
100.000 506.153 575.869
100.000 69.081 567.411
100.000 112.772 566.509
100.000 290.549 563.381
100.000 581.616 557.715
100.000 593.032 552.427
100.000 425.722 552.695
100.000 353.673 550.385
100.000 241.662 545.670
100.000 304.029 542.825
100.000 596.033 542.514
100.000 492.437 540.521
100.000 55.177 536.700
100.000 554.830 537.317
100.000 422.870 533.789
100.000 504.193 530.945
100.000 144.726 521.602
100.000 110.007 531.233
100.000 205.733 518.437
100.000 328.235 519.114
100.000 93.113 514.610
100.000 379.527 506.731
100.000 247.882 507.173
100.000 176.231 511.230
100.000 463.608 538.521
100.000 419.431 497.435
100.000 307.792 493.726
100.000 276.575 491.518
100.000 241.338 488.682
100.000 110.125 490.161
100.000 530.025 481.017
100.000 591.919 480.295
100.000 296.819 491.115
100.000 358.313 470.336
100.000 279.122 468.608
100.000 201.086 463.285
100.000 35.100 464.940
100.000 324.394 456.392
100.000 377.039 452.439
100.000 78.165 452.325
100.000 11.948 449.310
100.000 203.608 445.659
100.000 166.210 444.325
100.000 112.439 444.757
100.000 402.836 441.664
100.000 235.539 440.773
100.000 393.386 434.855
100.000 326.006 427.954
100.000 429.262 416.156
100.000 131.255 420.981
100.000 138.417 416.100
100.000 208.707 419.399
100.000 54.967 416.231
100.000 248.412 415.678
100.000 30.619 415.865
100.000 185.595 410.372
100.000 469.468 412.817
100.000 292.389 411.635
100.000 329.492 403.092
100.000 289.361 382.046
100.000 181.436 389.859
100.000 129.920 390.089
100.000 597.587 386.936
100.000 531.263 385.864
100.000 481.050 382.913
100.000 448.166 382.176
100.000 34.881 380.058
100.000 218.688 377.699
100.000 146.213 378.159
100.000 541.286 376.480
100.000 513.056 374.299
100.000 174.047 374.913
100.000 311.848 372.030
100.000 359.617 368.552
100.000 325.592 369.958
100.000 54.574 391.289
100.000 257.765 365.722
100.000 86.535 363.084
100.000 560.341 364.503
100.000 236.815 359.883
100.000 200.722 359.350
100.000 442.575 345.189
100.000 47.469 348.893
100.000 234.664 345.118
100.000 395.010 346.656
100.000 425.463 342.477
100.000 572.991 373.134
100.000 475.987 335.480
100.000 548.063 329.598
100.000 78.933 326.791
100.000 128.962 327.832
100.000 589.410 326.417
100.000 196.004 325.663
100.000 115.597 323.266
100.000 245.663 324.828
100.000 416.431 322.249
100.000 234.304 321.221
100.000 332.793 317.643
100.000 375.647 318.589
100.000 52.368 318.710
100.000 299.093 315.355
100.000 452.620 311.740
100.000 467.905 312.085
100.000 268.404 310.480
100.000 199.830 305.653
100.000 344.970 302.870
100.000 363.151 295.959
100.000 478.463 294.978
100.000 313.077 292.368
100.000 427.914 290.796
100.000 220.496 287.485
100.000 597.204 273.499
100.000 344.743 271.933
100.000 15.895 271.901
100.000 448.874 266.491
100.000 574.186 269.022
100.000 522.754 260.113
100.000 548.116 257.539
100.000 290.599 256.364
100.000 462.267 252.153
100.000 541.323 249.947
100.000 568.937 246.404
100.000 143.606 239.548
100.000 458.440 242.025
100.000 430.648 241.712
100.000 409.186 247.815
100.000 343.634 242.070
100.000 557.559 218.730
100.000 253.266 220.721
100.000 222.769 214.081
100.000 590.956 212.751
100.000 404.473 210.471
100.000 443.464 207.100
100.000 31.932 203.550
100.000 108.297 202.375
100.000 543.758 200.793
100.000 69.735 197.433
100.000 291.218 192.642
100.000 504.131 185.792
100.000 432.742 187.451
100.000 53.658 183.634
100.000 313.250 183.113
100.000 585.758 175.978
100.000 568.432 175.266
100.000 63.793 169.575
100.000 572.382 167.243
100.000 49.182 168.351
100.000 372.555 153.851
100.000 21.860 151.960
100.000 459.825 147.021
100.000 526.123 145.877
100.000 480.454 146.457
100.000 591.122 140.398
100.000 117.248 136.382
100.000 56.983 135.086
100.000 578.076 128.750
100.000 174.436 127.697
100.000 467.821 123.918
100.000 302.196 126.887
100.000 8.369 117.023
100.000 284.716 111.378
100.000 497.055 106.389
100.000 76.932 106.221
100.000 515.640 106.798
100.000 521.606 99.827
100.000 421.398 103.195
100.000 484.825 104.046
100.000 464.774 91.241
100.000 99.644 84.935
100.000 481.418 80.671
100.000 348.096 82.626
100.000 599.146 75.403
100.000 57.578 75.911
100.000 190.557 73.886
100.000 288.796 73.642
100.000 575.409 73.626
100.000 317.509 67.311
100.000 456.360 595.909
100.000 253.245 54.950
100.000 41.135 43.818
100.000 243.237 42.773
100.000 12.122 40.991
100.000 295.439 30.745
100.000 557.305 25.549
100.000 205.704 20.529
100.000 319.841 592.136
100.000 484.435 591.101
