100.000 157.105 48.225
100.000 471.630 41.474
100.000 482.052 16.834
100.000 505.100 9.354
100.000 409.065 34.064
100.000 352.610 36.783
100.000 564.752 19.992
100.000 175.906 17.098
100.000 37.082 12.134
100.000 92.149 14.141
100.000 543.374 8.931
100.000 196.538 19.338
100.000 374.411 518.968
100.000 562.376 581.289
100.000 245.759 596.069
100.000 121.582 596.082
100.000 86.071 569.002
100.000 54.129 506.758
100.000 74.871 593.003
100.000 74.556 556.253
100.000 74.398 484.626
100.000 73.945 427.492
100.000 72.734 377.777
100.000 464.720 504.838
100.000 500.698 506.158
100.000 368.039 500.365
100.000 363.480 492.188
100.000 358.271 475.184
100.000 356.670 462.215
100.000 227.990 531.708
100.000 209.326 499.528
100.000 177.775 492.698
100.000 399.133 507.662
100.000 322.847 478.848
100.000 106.149 481.453
100.000 402.078 484.931
100.000 14.445 494.832
100.000 343.799 482.704
100.000 509.533 481.037
100.000 10.983 475.485
100.000 190.264 458.096
100.000 493.962 463.670
100.000 33.121 487.478
100.000 44.215 459.482
100.000 480.483 443.054
100.000 420.055 449.832
100.000 410.970 447.267
100.000 204.128 464.040
100.000 344.356 447.001
100.000 150.961 445.484
100.000 321.498 432.931
100.000 395.628 438.641
100.000 163.831 435.331
100.000 191.131 431.043
100.000 243.461 431.016
100.000 367.703 414.612
100.000 596.567 415.283
100.000 415.114 422.398
100.000 46.475 440.576
100.000 152.313 515.662
100.000 541.618 404.596
100.000 573.758 404.529
100.000 578.523 387.043
100.000 56.745 403.462
100.000 454.293 394.138
100.000 365.444 397.332
100.000 318.397 387.547
100.000 594.866 371.277
100.000 556.154 369.681
100.000 285.178 363.333
100.000 585.436 361.056
100.000 450.581 355.572
100.000 248.980 371.217
100.000 592.218 347.171
100.000 11.900 373.863
100.000 582.422 348.409
100.000 539.120 335.854
100.000 116.004 335.658
100.000 593.397 334.159
100.000 579.976 322.019
100.000 287.205 316.495
100.000 74.957 317.127
100.000 410.665 311.595
100.000 345.754 308.512
100.000 186.854 307.049
100.000 158.043 306.701
100.000 37.825 300.984
100.000 524.686 295.940
100.000 182.597 273.574
100.000 108.546 286.688
100.000 314.291 290.025
100.000 314.803 285.994
100.000 79.882 287.627
100.000 392.451 282.726
100.000 458.726 267.316
100.000 135.684 275.048
100.000 356.524 273.713
100.000 251.383 262.922
100.000 594.806 274.154
100.000 51.517 262.913
100.000 419.343 268.303
100.000 565.493 264.746
100.000 334.120 253.501
100.000 377.162 251.138
100.000 523.328 254.767
100.000 274.821 251.251
100.000 582.573 251.304
100.000 303.604 246.374
100.000 205.399 245.885
100.000 42.701 244.784
100.000 187.305 240.067
100.000 174.223 239.167
100.000 440.648 234.472
100.000 221.252 224.052
100.000 81.040 230.716
100.000 23.906 235.184
100.000 105.762 227.312
100.000 546.147 219.313
100.000 507.044 227.248
100.000 390.849 223.101
100.000 400.591 201.588
100.000 405.413 168.777
100.000 89.949 245.560
100.000 221.674 206.860
100.000 219.118 200.357
100.000 143.120 206.870
100.000 168.584 203.229
100.000 506.873 200.758
100.000 478.845 195.775
100.000 2.696 188.174
100.000 137.138 187.924
100.000 569.849 180.461
100.000 565.915 172.016
100.000 99.815 179.805
100.000 185.312 173.917
100.000 212.732 175.368
100.000 39.533 222.330
100.000 14.595 170.538
100.000 263.154 200.574
100.000 174.618 160.985
100.000 156.247 158.450
100.000 100.348 212.585
100.000 429.306 137.680
100.000 436.175 122.575
100.000 303.568 147.502
100.000 556.648 137.798
100.000 392.998 132.211
100.000 188.991 132.694
100.000 146.105 132.053
100.000 232.146 127.855
100.000 318.328 126.531
100.000 118.250 120.934
100.000 409.770 119.695
100.000 150.110 120.772
100.000 281.077 116.505
100.000 198.395 112.500
100.000 444.680 103.295
100.000 569.421 103.402
100.000 539.050 98.976
100.000 163.938 99.890
100.000 480.499 94.972
100.000 514.620 93.909
100.000 27.336 102.152
100.000 402.323 90.248
100.000 47.215 89.258
100.000 104.710 82.319
100.000 124.183 78.605
100.000 307.610 91.774
100.000 392.660 63.836
100.000 409.604 67.861
100.000 260.809 60.206
100.000 206.462 56.553
100.000 363.938 594.864
100.000 76.149 60.681
100.000 368.691 587.104
100.000 391.442 580.359
100.000 352.178 560.900
100.000 323.218 557.979
100.000 260.998 560.288
100.000 241.530 551.576
100.000 129.667 49.202
100.000 107.001 546.208
100.000 513.434 527.010
100.000 106.529 562.078
100.000 583.592 557.959
