100.000 5.570 59.706
100.000 363.351 12.671
100.000 483.255 10.138
100.000 233.918 577.182
100.000 95.478 569.097
100.000 117.669 558.922
100.000 221.050 553.641
100.000 148.100 553.547
100.000 91.799 545.456
100.000 328.032 541.147
100.000 160.503 534.898
100.000 495.172 530.012
100.000 255.832 508.801
100.000 346.302 502.567
100.000 483.183 500.603
100.000 397.388 495.238
100.000 409.496 482.527
100.000 29.521 484.657
100.000 251.640 482.249
100.000 293.512 475.457
100.000 547.847 465.701
100.000 181.049 467.888
100.000 581.820 467.079
100.000 445.556 450.543
100.000 160.160 444.563
100.000 27.390 446.355
100.000 182.632 436.349
100.000 388.929 435.404
100.000 17.121 433.743
100.000 144.481 404.161
100.000 133.701 389.710
100.000 313.722 386.282
100.000 97.147 382.908
100.000 13.915 359.593
100.000 353.766 359.161
100.000 22.799 344.352
100.000 244.566 345.536
100.000 572.163 316.516
100.000 440.307 312.426
100.000 87.717 313.562
100.000 540.633 305.725
100.000 375.079 297.347
100.000 565.934 294.896
100.000 164.953 280.529
100.000 551.199 238.305
100.000 108.713 225.242
100.000 357.343 227.001
100.000 364.153 217.453
100.000 427.606 215.855
100.000 212.552 199.418
100.000 42.645 193.564
100.000 34.829 184.467
100.000 236.262 180.042
100.000 404.663 166.744
100.000 323.027 153.691
100.000 279.322 144.252
100.000 223.342 135.160
100.000 355.610 125.632
100.000 529.398 124.305
100.000 300.019 116.921
100.000 367.059 96.822
100.000 514.380 99.033
100.000 118.629 102.672
100.000 153.421 85.451
100.000 528.539 81.748
100.000 542.683 75.064
100.000 230.999 75.485
100.000 110.376 70.244
100.000 35.174 65.503
100.000 523.142 591.673
100.000 253.057 591.734
