100.000 582.507 6.705
100.000 379.302 2.433
100.000 348.983 570.020
100.000 75.857 598.510
100.000 540.892 564.180
100.000 513.961 567.513
100.000 458.047 551.580
100.000 349.990 531.262
100.000 219.033 504.091
100.000 64.332 480.567
100.000 42.832 473.850
100.000 26.190 468.552
100.000 10.326 464.325
100.000 64.686 490.114
100.000 95.429 490.424
100.000 90.906 476.598
100.000 263.971 466.889
100.000 186.489 456.502
100.000 468.948 448.784
100.000 523.200 442.511
100.000 432.116 436.767
100.000 154.571 431.145
100.000 347.210 417.681
100.000 10.853 416.369
100.000 215.568 402.245
100.000 210.276 386.353
100.000 99.884 414.343
100.000 81.941 408.913
100.000 257.818 410.496
100.000 247.967 414.089
100.000 349.334 401.005
100.000 62.672 395.575
100.000 512.350 390.248
100.000 164.409 382.042
100.000 484.236 347.992
100.000 555.773 337.020
100.000 480.385 328.337
100.000 180.218 331.222
100.000 5.605 328.346
100.000 5.373 317.796
100.000 319.996 329.112
100.000 325.260 315.029
100.000 20.625 307.573
100.000 323.601 300.667
100.000 143.437 290.915
100.000 507.521 264.451
100.000 93.377 272.059
100.000 441.514 267.731
100.000 381.895 257.498
100.000 18.667 250.109
100.000 310.579 228.025
100.000 250.468 213.427
100.000 417.354 205.270
100.000 79.867 197.697
100.000 512.823 186.187
100.000 347.287 182.137
100.000 72.823 186.909
100.000 34.820 168.893
100.000 154.367 151.527
100.000 478.789 141.500
100.000 293.764 131.076
100.000 528.651 131.915
100.000 78.007 126.004
100.000 411.233 125.643
100.000 369.211 124.408
100.000 16.098 92.490
100.000 211.046 76.196
100.000 413.356 51.017
100.000 439.920 40.517
100.000 546.927 35.694
100.000 191.081 39.030
100.000 286.035 27.777
100.000 412.003 17.671
100.000 539.904 576.962
