100.000 521.773 124.477
100.000 585.607 37.806
100.000 280.826 581.528
100.000 303.365 574.428
100.000 246.693 555.935
100.000 427.289 548.567
100.000 3.731 539.592
100.000 447.946 541.942
100.000 101.209 520.351
100.000 346.887 503.951
100.000 415.112 494.443
100.000 214.486 483.986
100.000 571.862 461.767
100.000 150.067 456.537
100.000 158.980 453.778
100.000 349.678 445.153
100.000 487.371 434.285
100.000 566.866 437.447
100.000 77.880 429.474
100.000 203.877 410.932
100.000 15.671 397.634
100.000 409.899 392.532
100.000 319.546 391.310
100.000 474.025 388.380
100.000 583.924 383.474
100.000 446.962 364.758
100.000 346.697 361.602
100.000 394.060 359.655
100.000 577.756 344.633
100.000 229.207 335.109
100.000 319.153 326.978
100.000 312.348 319.001
100.000 424.053 323.542
100.000 10.553 322.693
100.000 570.921 322.505
100.000 25.856 299.951
100.000 71.189 302.266
100.000 42.560 285.298
100.000 164.965 282.452
100.000 64.904 281.856
100.000 93.370 269.362
100.000 342.032 252.938
100.000 158.345 240.442
100.000 144.255 246.912
100.000 531.579 244.150
100.000 212.288 228.394
100.000 66.851 216.666
100.000 219.349 213.070
100.000 240.161 203.226
100.000 489.015 195.698
100.000 18.132 183.552
100.000 287.054 180.687
100.000 140.101 182.116
100.000 215.802 177.012
100.000 332.651 159.821
100.000 309.433 171.640
100.000 203.695 160.055
100.000 245.372 144.923
100.000 220.879 588.835
100.000 432.661 110.726
100.000 407.804 123.135
100.000 416.920 118.638
100.000 583.309 117.073
100.000 398.356 101.452
100.000 43.531 126.967
100.000 109.475 94.207
100.000 422.108 88.450
100.000 513.073 88.064
100.000 182.066 81.372
100.000 420.967 125.273
100.000 325.799 38.177
