100.000 255.108 20.643
100.000 396.839 19.256
100.000 170.049 17.129
100.000 376.607 14.559
100.000 329.520 12.065
100.000 27.169 7.010
100.000 570.760 5.181
100.000 478.011 5.914
100.000 70.898 5.781
100.000 446.830 557.522
100.000 235.057 598.626
100.000 111.606 598.566
100.000 60.211 548.743
100.000 123.120 550.256
100.000 234.193 549.945
100.000 156.631 541.164
100.000 579.127 543.275
100.000 346.277 525.783
100.000 457.675 521.218
100.000 364.121 543.044
100.000 76.678 505.246
100.000 104.326 508.310
100.000 334.596 503.114
100.000 392.903 498.435
100.000 566.284 496.152
100.000 495.281 492.107
100.000 271.483 485.964
100.000 346.289 482.168
100.000 472.224 478.401
100.000 6.444 469.314
100.000 254.570 463.001
100.000 367.468 457.217
100.000 353.405 451.689
100.000 55.017 446.904
100.000 468.630 446.168
100.000 418.171 443.489
100.000 437.478 439.029
100.000 210.458 439.625
100.000 514.939 438.492
100.000 270.195 434.482
100.000 352.112 425.808
100.000 29.569 421.277
100.000 191.689 418.386
100.000 467.062 415.539
100.000 234.191 405.131
100.000 117.614 404.386
100.000 421.761 392.935
100.000 244.037 387.976
100.000 464.077 385.869
100.000 22.444 386.102
100.000 124.047 380.131
100.000 594.567 377.637
100.000 375.269 377.847
100.000 128.755 371.093
100.000 579.148 367.911
100.000 264.044 366.871
100.000 398.867 366.096
100.000 178.789 354.350
100.000 309.691 352.366
100.000 378.225 348.269
100.000 441.239 341.016
100.000 153.745 327.406
100.000 160.112 320.081
100.000 118.004 321.267
100.000 370.258 314.739
100.000 24.240 310.361
100.000 12.228 311.953
100.000 191.098 322.085
100.000 290.093 336.416
100.000 74.570 295.832
100.000 354.220 296.451
100.000 553.836 289.147
100.000 564.512 282.192
100.000 219.706 278.803
100.000 412.505 276.393
100.000 198.156 269.674
100.000 194.438 263.807
100.000 528.659 269.887
100.000 42.730 262.176
100.000 162.750 257.100
100.000 172.469 248.405
100.000 295.447 278.484
100.000 453.811 248.017
100.000 250.983 234.761
100.000 567.782 233.633
100.000 328.507 237.870
100.000 524.065 225.948
100.000 544.046 223.254
100.000 489.448 220.867
100.000 383.752 234.409
100.000 527.524 199.955
100.000 144.806 194.811
100.000 64.001 191.133
100.000 543.375 185.860
100.000 41.905 177.963
100.000 14.416 177.480
100.000 183.717 175.579
100.000 131.727 172.403
100.000 342.889 173.908
100.000 83.056 173.918
100.000 191.988 170.668
100.000 571.062 182.798
100.000 447.036 177.104
100.000 536.898 157.780
100.000 43.676 152.523
100.000 380.488 153.153
100.000 484.264 147.419
100.000 218.460 114.218
100.000 156.363 112.668
100.000 50.924 109.132
100.000 307.031 105.705
100.000 252.779 100.128
100.000 138.021 98.335
100.000 171.882 94.243
100.000 389.505 87.892
100.000 370.984 86.895
100.000 581.345 86.764
100.000 398.012 75.603
100.000 144.032 77.317
100.000 469.124 71.279
100.000 565.595 65.502
100.000 7.690 62.938
100.000 596.343 59.690
100.000 367.537 52.435
100.000 89.610 53.000
100.000 434.536 45.254
100.000 316.263 43.977
100.000 23.233 43.434
100.000 567.235 43.064
100.000 456.693 40.338
100.000 29.812 24.876
100.000 219.501 21.507
100.000 506.226 587.508
100.000 513.540 580.330
100.000 372.950 586.624
100.000 576.795 580.894
100.000 90.735 573.623
100.000 293.991 571.736
100.000 401.517 567.374
100.000 267.852 560.987
