100.000 309.568 103.334
100.000 549.316 76.884
100.000 486.847 43.323
100.000 578.061 37.855
100.000 116.638 35.119
100.000 200.222 28.326
100.000 275.286 23.165
100.000 368.581 21.123
100.000 415.942 19.786
100.000 89.678 11.918
100.000 490.596 12.138
100.000 488.728 6.740
100.000 389.229 16.121
100.000 369.776 3.709
100.000 274.545 545.586
100.000 350.839 597.844
100.000 308.072 596.572
100.000 289.028 596.632
100.000 98.547 595.370
100.000 227.246 538.545
100.000 92.861 540.985
100.000 464.119 538.462
100.000 488.741 534.241
100.000 146.389 531.976
100.000 103.117 532.239
100.000 50.264 532.055
100.000 340.397 525.388
100.000 481.177 521.679
100.000 598.184 524.923
100.000 548.747 523.841
100.000 156.300 524.218
100.000 375.397 511.069
100.000 125.431 511.404
100.000 93.199 508.759
100.000 162.375 506.114
100.000 151.899 505.741
100.000 451.762 497.524
100.000 139.586 493.417
100.000 188.012 492.329
100.000 119.556 490.105
100.000 370.843 487.719
100.000 129.390 476.241
100.000 597.215 481.413
100.000 438.071 471.841
100.000 333.298 476.738
100.000 492.169 473.182
100.000 36.227 468.214
100.000 293.170 466.411
100.000 417.829 459.138
100.000 216.275 449.561
100.000 574.726 449.870
100.000 114.711 450.476
100.000 191.041 436.400
100.000 353.908 428.277
100.000 297.631 434.213
100.000 545.473 439.558
100.000 432.752 436.104
100.000 264.933 420.628
100.000 555.590 415.367
100.000 381.436 410.456
100.000 30.084 403.562
100.000 319.820 402.225
100.000 489.258 401.327
100.000 520.217 393.431
100.000 592.572 389.961
100.000 388.978 386.564
100.000 201.004 380.505
100.000 459.644 381.032
100.000 141.952 370.280
100.000 65.654 376.716
100.000 169.337 374.839
100.000 294.552 369.714
100.000 372.309 391.252
100.000 8.005 341.806
100.000 421.346 363.992
100.000 269.532 360.440
100.000 234.603 349.075
100.000 352.375 352.147
100.000 420.350 347.854
100.000 589.542 338.990
100.000 371.749 335.928
100.000 477.178 337.719
100.000 60.810 336.955
100.000 323.418 333.068
100.000 146.244 336.747
100.000 449.296 330.019
100.000 102.674 329.652
100.000 252.367 323.567
100.000 16.611 316.221
100.000 525.979 311.732
100.000 387.206 312.982
100.000 413.005 308.620
100.000 488.757 307.318
100.000 194.696 306.911
100.000 107.492 307.969
100.000 247.944 297.314
100.000 179.401 289.951
100.000 495.259 284.280
100.000 137.230 287.043
100.000 129.176 279.220
100.000 212.687 274.402
100.000 36.061 277.266
100.000 322.021 271.867
100.000 265.609 284.823
100.000 415.174 258.693
100.000 371.117 267.040
100.000 514.634 263.935
100.000 552.954 260.432
100.000 347.726 280.637
100.000 296.798 245.725
100.000 596.599 242.512
100.000 220.269 253.182
100.000 459.689 287.447
100.000 263.881 238.535
100.000 369.098 227.584
100.000 594.236 221.188
100.000 231.042 218.839
100.000 48.049 218.888
100.000 334.778 208.188
100.000 458.473 208.012
100.000 240.390 202.235
100.000 216.675 203.948
100.000 296.321 200.020
100.000 567.000 198.899
100.000 7.271 199.692
100.000 188.628 176.110
100.000 486.192 182.444
100.000 587.481 190.004
100.000 505.844 177.816
100.000 399.676 168.636
100.000 370.145 170.627
100.000 110.751 163.051
100.000 76.497 156.759
100.000 34.048 159.358
100.000 537.130 156.895
100.000 489.149 154.744
100.000 56.318 152.265
100.000 153.144 149.285
100.000 374.753 139.921
100.000 411.986 129.329
100.000 127.980 135.372
100.000 596.588 134.104
100.000 539.206 127.498
100.000 205.134 131.625
100.000 382.371 120.164
100.000 376.103 119.549
100.000 496.834 120.203
100.000 492.990 112.275
100.000 509.288 117.579
100.000 51.810 100.049
100.000 270.367 588.439
100.000 348.890 111.141
100.000 159.500 123.055
100.000 157.734 591.077
100.000 375.931 70.607
100.000 69.945 65.244
100.000 546.153 105.743
100.000 28.279 61.416
100.000 227.651 61.989
100.000 374.229 58.006
100.000 244.509 53.169
100.000 120.043 52.361
100.000 323.001 50.123
100.000 208.011 48.291
100.000 442.366 588.031
100.000 290.192 43.716
100.000 473.140 45.269
100.000 282.639 585.233
100.000 281.235 39.956
100.000 143.815 39.315
100.000 9.205 37.711
100.000 576.918 583.561
100.000 320.910 579.875
100.000 513.182 38.736
100.000 495.933 580.096
100.000 323.735 23.824
100.000 282.257 571.613
100.000 74.976 571.772
100.000 200.774 560.458
100.000 62.999 81.659
100.000 505.466 557.727
100.000 360.871 552.540
100.000 185.673 546.419
