100.000 338.423 111.159
100.000 561.095 54.008
100.000 39.780 46.112
100.000 558.303 25.940
100.000 581.789 27.605
100.000 129.287 16.610
100.000 94.710 16.200
100.000 451.523 8.490
100.000 230.408 3.543
100.000 49.069 551.349
100.000 386.833 540.827
100.000 9.076 533.651
100.000 472.566 535.495
100.000 170.603 546.369
100.000 221.404 520.951
100.000 443.139 531.732
100.000 539.178 525.472
100.000 562.068 517.939
100.000 278.218 508.312
100.000 459.596 522.453
100.000 69.435 518.697
100.000 339.344 515.087
100.000 594.444 515.356
100.000 266.578 506.860
100.000 400.036 510.866
100.000 536.474 497.323
100.000 27.978 493.359
100.000 50.080 491.702
100.000 490.819 488.491
100.000 121.726 492.697
100.000 470.463 473.295
100.000 275.480 519.370
100.000 59.057 495.164
100.000 141.815 473.909
100.000 306.897 468.663
100.000 407.202 460.474
100.000 82.459 465.553
100.000 365.425 447.998
100.000 473.814 450.749
100.000 188.795 446.291
100.000 80.421 447.635
100.000 26.189 437.878
100.000 233.942 435.759
100.000 71.420 430.572
100.000 234.082 425.427
100.000 4.346 423.822
100.000 418.526 421.800
100.000 544.548 419.576
100.000 62.841 409.194
100.000 179.008 421.849
100.000 127.375 402.173
100.000 128.799 398.412
100.000 36.633 390.145
100.000 162.448 382.320
100.000 586.189 375.381
100.000 65.499 368.864
100.000 204.208 378.471
100.000 25.541 379.096
100.000 380.686 368.537
100.000 184.771 369.136
100.000 338.192 356.302
100.000 497.351 359.102
100.000 435.687 358.427
100.000 576.940 346.545
100.000 576.818 325.713
100.000 575.801 307.933
100.000 198.545 345.784
100.000 423.102 342.925
100.000 125.576 346.126
100.000 509.681 343.531
100.000 100.514 339.355
100.000 3.446 328.740
100.000 241.500 378.026
100.000 21.049 333.791
100.000 380.398 327.198
100.000 283.981 323.949
100.000 477.102 320.514
100.000 270.342 320.261
100.000 228.752 340.374
100.000 154.309 309.732
100.000 149.867 305.024
100.000 114.176 315.663
100.000 30.791 305.969
100.000 582.159 300.707
100.000 435.311 298.220
100.000 482.049 291.937
100.000 580.316 277.491
100.000 90.106 280.884
100.000 16.789 272.918
100.000 282.715 274.353
100.000 225.040 258.373
100.000 331.651 289.620
100.000 571.695 251.344
100.000 335.972 244.890
100.000 558.134 248.825
100.000 476.855 238.766
100.000 434.108 239.440
100.000 408.154 237.528
100.000 574.060 232.175
100.000 578.019 227.292
100.000 462.120 233.269
100.000 119.742 222.624
100.000 273.676 229.315
100.000 566.516 223.290
100.000 574.299 216.202
100.000 570.980 202.958
100.000 488.561 222.322
100.000 47.530 219.646
100.000 183.944 218.636
100.000 189.344 214.956
100.000 26.928 212.243
100.000 445.037 206.350
100.000 536.142 210.230
100.000 267.660 206.105
100.000 404.849 205.623
100.000 26.814 219.441
100.000 571.762 188.285
100.000 570.219 176.946
100.000 446.296 185.854
100.000 327.812 186.548
100.000 549.913 182.386
100.000 376.377 181.071
100.000 82.471 182.248
100.000 414.651 179.429
100.000 250.740 185.327
100.000 528.587 170.945
100.000 515.602 164.990
100.000 526.131 163.292
100.000 503.413 168.979
100.000 394.459 171.790
100.000 200.678 164.898
100.000 570.493 160.255
100.000 118.816 164.544
100.000 475.588 156.258
100.000 309.772 151.483
100.000 460.570 149.405
100.000 567.979 140.201
100.000 269.560 141.243
100.000 445.404 139.929
100.000 339.874 136.655
100.000 576.444 127.078
100.000 566.026 122.733
100.000 259.465 132.679
100.000 532.207 131.142
100.000 182.657 122.267
100.000 198.912 116.105
100.000 309.473 112.361
100.000 89.912 121.286
100.000 255.874 107.311
100.000 363.152 112.890
100.000 530.193 590.462
100.000 119.065 114.149
100.000 208.500 111.871
100.000 270.434 107.505
100.000 177.124 107.302
100.000 7.466 95.071
100.000 2.292 80.970
100.000 218.179 90.047
100.000 152.226 94.126
100.000 492.131 89.804
100.000 565.298 88.076
100.000 309.090 87.015
100.000 135.930 84.704
100.000 53.675 87.344
100.000 157.117 87.886
100.000 256.428 82.192
100.000 561.549 78.358
100.000 457.255 76.442
100.000 195.054 76.463
100.000 535.350 74.839
100.000 306.874 70.523
100.000 183.234 584.530
100.000 104.916 65.685
100.000 384.627 65.290
100.000 585.000 58.989
100.000 264.134 58.633
100.000 303.022 574.835
100.000 258.524 43.188
100.000 589.217 35.961
100.000 220.671 113.768
100.000 210.226 37.696
100.000 253.920 33.497
100.000 160.064 564.639
100.000 394.250 575.603
100.000 492.178 29.104
100.000 416.459 23.160
100.000 124.913 26.953
100.000 182.993 19.987
100.000 441.553 575.182
100.000 552.754 577.659
100.000 239.657 562.976
100.000 438.694 48.394
