100.000 475.259 18.775
100.000 52.704 8.990
100.000 587.471 2.012
100.000 257.767 583.652
100.000 581.253 582.808
100.000 412.346 581.174
100.000 445.493 572.716
100.000 484.447 567.804
100.000 251.737 572.518
100.000 519.323 570.854
100.000 98.418 556.665
100.000 162.935 552.626
100.000 21.376 552.584
100.000 201.304 549.609
100.000 38.921 542.791
100.000 91.958 539.635
100.000 270.921 532.050
100.000 72.447 528.766
100.000 499.152 524.449
100.000 557.114 524.749
100.000 516.288 518.583
100.000 175.852 511.523
100.000 55.741 506.016
100.000 315.659 500.345
100.000 54.479 485.221
100.000 555.892 473.009
100.000 194.511 488.858
100.000 151.667 483.852
100.000 441.457 475.335
100.000 55.663 465.555
100.000 206.400 456.818
100.000 137.007 457.029
100.000 219.192 454.917
100.000 288.403 451.646
100.000 565.204 435.842
100.000 463.654 433.102
100.000 382.986 424.688
100.000 179.263 412.151
100.000 70.403 404.145
100.000 507.401 438.901
100.000 458.183 383.687
100.000 370.263 396.235
100.000 313.916 403.112
100.000 2.526 368.943
100.000 342.438 361.990
100.000 367.181 350.027
100.000 242.575 356.832
100.000 555.732 335.126
100.000 266.426 315.375
100.000 487.217 303.089
100.000 216.984 300.647
100.000 554.831 284.716
100.000 67.801 290.384
100.000 10.877 273.773
100.000 473.251 271.822
100.000 288.158 287.691
100.000 553.454 250.513
100.000 511.370 244.119
100.000 580.133 236.481
100.000 429.535 227.052
100.000 107.869 224.019
100.000 64.963 211.928
100.000 554.658 218.380
100.000 483.878 182.595
100.000 272.245 180.082
100.000 48.254 167.133
100.000 501.915 166.837
100.000 192.357 167.988
100.000 260.341 166.576
100.000 555.752 164.594
100.000 465.094 166.095
100.000 223.454 165.841
100.000 20.184 168.040
100.000 526.358 165.399
100.000 514.793 165.356
100.000 427.454 165.738
100.000 329.869 153.648
100.000 575.966 147.517
100.000 394.133 140.422
100.000 481.687 131.851
100.000 52.332 128.238
100.000 125.883 120.799
100.000 54.554 110.971
100.000 137.755 103.739
100.000 531.775 81.163
100.000 122.175 74.565
100.000 52.731 59.906
100.000 53.981 45.352
100.000 415.014 64.696
100.000 552.994 24.001
100.000 57.173 583.314
100.000 218.739 593.058
