100.000 335.125 46.294
100.000 556.406 49.429
100.000 194.103 33.514
100.000 257.960 25.177
100.000 236.274 17.017
100.000 560.223 12.012
100.000 410.824 2.924
100.000 169.508 3.540
100.000 562.609 571.487
100.000 50.967 593.550
100.000 185.481 568.245
100.000 18.762 560.375
100.000 135.460 562.282
100.000 332.423 560.340
100.000 110.954 553.370
100.000 50.882 540.519
100.000 382.992 540.710
100.000 147.408 537.262
100.000 120.820 527.867
100.000 529.944 525.006
100.000 432.136 521.195
100.000 377.091 524.617
100.000 202.210 519.251
100.000 496.761 515.491
100.000 126.656 510.384
100.000 480.621 512.480
100.000 527.442 507.717
100.000 597.507 504.784
100.000 378.287 501.423
100.000 399.119 501.169
100.000 93.678 498.632
100.000 29.029 496.520
100.000 216.369 493.435
100.000 522.962 489.171
100.000 368.150 479.539
100.000 74.715 488.652
100.000 560.264 472.900
100.000 411.231 478.865
100.000 48.445 476.106
100.000 484.879 474.761
100.000 293.875 473.051
100.000 87.101 472.563
100.000 532.279 467.993
100.000 480.466 466.148
100.000 132.666 457.047
100.000 179.826 451.452
100.000 63.364 443.616
100.000 546.026 443.246
100.000 536.893 442.116
100.000 321.703 426.740
100.000 22.458 423.513
100.000 393.291 418.212
100.000 528.802 429.095
100.000 418.896 417.707
100.000 593.454 417.722
100.000 239.091 418.983
100.000 459.127 414.669
100.000 482.302 408.401
100.000 108.415 412.777
100.000 533.921 411.934
100.000 255.736 409.558
100.000 215.621 432.720
100.000 597.141 399.525
100.000 104.350 395.973
100.000 71.305 389.656
100.000 542.020 392.819
100.000 244.669 389.057
100.000 241.262 378.478
100.000 359.692 381.174
100.000 591.692 375.551
100.000 158.872 377.207
100.000 441.896 374.043
100.000 540.477 363.495
100.000 217.686 370.174
100.000 497.403 364.993
100.000 419.040 362.792
100.000 469.449 348.741
100.000 378.730 342.993
100.000 346.456 345.518
100.000 70.751 343.939
100.000 122.462 336.703
100.000 400.641 335.429
100.000 423.724 337.152
100.000 458.921 332.916
100.000 505.011 328.936
100.000 344.939 322.684
100.000 313.257 323.950
100.000 298.420 320.555
100.000 106.457 319.032
100.000 546.194 305.406
100.000 376.016 316.136
100.000 170.315 313.006
100.000 253.425 313.411
100.000 424.252 311.045
100.000 486.824 305.698
100.000 44.103 302.230
100.000 312.752 299.370
100.000 178.021 300.098
100.000 589.569 294.727
100.000 345.846 296.165
100.000 24.370 285.693
100.000 4.002 282.728
100.000 95.287 280.406
100.000 205.064 300.515
100.000 374.998 270.727
100.000 484.919 270.406
100.000 51.149 267.014
100.000 534.215 267.050
100.000 87.774 258.245
100.000 200.068 254.608
100.000 25.349 252.828
100.000 425.209 251.147
100.000 261.983 253.833
100.000 247.414 254.130
100.000 451.695 246.601
100.000 438.404 249.189
100.000 225.224 250.544
100.000 493.876 246.190
100.000 96.665 238.295
100.000 593.931 234.560
100.000 30.542 239.910
100.000 538.093 234.094
100.000 470.102 229.124
100.000 115.073 228.998
100.000 87.588 222.146
100.000 138.726 222.815
100.000 365.572 221.008
100.000 340.604 213.349
100.000 65.650 212.209
100.000 315.984 210.073
100.000 169.198 210.282
100.000 126.408 206.892
100.000 24.977 209.809
100.000 448.167 201.026
100.000 292.258 204.278
100.000 38.200 195.860
100.000 462.296 186.693
100.000 557.904 185.886
100.000 542.007 198.528
100.000 485.424 175.923
100.000 507.068 175.087
100.000 425.597 175.085
100.000 240.301 175.298
100.000 179.230 172.764
100.000 528.216 167.295
100.000 463.961 167.072
100.000 597.345 163.779
100.000 350.272 161.235
100.000 479.418 160.590
100.000 558.018 157.536
100.000 549.701 155.203
100.000 87.417 155.902
100.000 25.636 152.529
100.000 474.981 145.508
100.000 74.998 145.097
100.000 159.687 154.794
100.000 122.258 136.537
100.000 301.677 135.988
100.000 143.984 133.467
100.000 381.822 130.681
100.000 585.400 131.182
100.000 494.552 129.464
100.000 445.611 121.937
100.000 225.455 113.625
100.000 180.833 116.803
100.000 104.001 111.615
100.000 199.812 107.397
100.000 342.934 111.728
100.000 418.808 103.617
100.000 428.141 101.880
100.000 28.286 108.381
100.000 554.235 105.713
100.000 250.706 103.750
100.000 9.837 100.296
100.000 161.615 96.121
100.000 386.298 96.459
100.000 266.213 93.698
100.000 482.510 94.647
100.000 241.606 94.026
100.000 562.588 88.177
100.000 494.448 84.749
100.000 534.353 82.378
100.000 325.288 82.020
100.000 431.025 79.812
100.000 118.664 67.030
100.000 428.596 63.978
100.000 7.502 66.996
100.000 392.945 63.702
100.000 365.482 62.777
100.000 505.349 57.732
100.000 576.409 53.386
100.000 371.589 51.520
100.000 272.932 596.885
100.000 113.523 49.191
100.000 497.526 592.444
100.000 489.732 45.636
100.000 172.031 43.014
100.000 399.937 44.307
100.000 593.045 47.942
100.000 286.647 584.950
100.000 40.713 37.389
100.000 469.119 36.826
100.000 246.193 41.194
100.000 83.419 35.750
100.000 530.013 33.054
100.000 363.971 26.847
100.000 239.339 590.217
100.000 217.779 50.854
100.000 479.470 20.138
100.000 415.209 588.462
100.000 546.441 585.913
100.000 368.419 582.219
