100.000 357.236 94.871
100.000 512.400 89.297
100.000 73.957 70.767
100.000 421.299 46.571
100.000 566.891 36.924
100.000 479.748 17.037
100.000 175.482 9.138
100.000 517.731 5.249
100.000 340.590 33.468
100.000 249.839 592.414
100.000 246.359 566.145
100.000 327.823 548.224
100.000 315.585 568.597
100.000 318.505 555.148
100.000 458.072 561.683
100.000 494.219 562.676
100.000 428.771 561.520
100.000 3.585 565.603
100.000 135.195 555.554
100.000 284.431 548.721
100.000 276.464 543.080
100.000 101.849 537.495
100.000 111.035 533.469
100.000 16.276 533.104
100.000 404.903 529.414
100.000 588.711 549.822
100.000 206.383 530.759
100.000 1.825 531.792
100.000 155.888 523.023
100.000 460.018 517.175
100.000 554.114 505.409
100.000 565.592 507.153
100.000 582.792 503.120
100.000 462.854 494.596
100.000 159.840 497.708
100.000 356.193 498.688
100.000 473.665 555.835
100.000 314.878 494.385
100.000 193.587 490.754
100.000 382.096 478.504
100.000 51.318 471.313
100.000 343.664 463.852
100.000 506.523 465.188
100.000 139.078 448.353
100.000 152.822 423.382
100.000 39.832 451.535
100.000 251.202 446.962
100.000 441.461 463.578
100.000 206.531 435.764
100.000 389.198 430.174
100.000 455.089 429.459
100.000 580.129 424.436
100.000 371.597 413.677
100.000 41.755 419.590
100.000 425.137 416.635
100.000 441.883 408.978
100.000 301.493 411.989
100.000 9.538 405.427
100.000 121.518 405.040
100.000 162.335 401.139
100.000 256.504 402.081
100.000 503.463 391.286
100.000 9.869 388.768
100.000 406.774 390.666
100.000 170.084 385.663
100.000 344.081 385.525
100.000 424.443 386.782
100.000 231.642 386.539
100.000 233.943 380.922
100.000 276.495 382.647
100.000 17.497 378.837
100.000 318.418 377.092
100.000 585.003 373.018
100.000 596.507 369.639
100.000 4.793 360.804
100.000 51.398 361.565
100.000 326.159 362.926
100.000 534.880 349.258
100.000 303.707 341.522
100.000 303.673 353.286
100.000 597.799 348.615
100.000 364.986 348.457
100.000 194.109 339.681
100.000 429.560 331.978
100.000 204.713 328.606
100.000 533.500 322.429
100.000 4.441 317.581
100.000 14.340 317.943
100.000 60.499 301.932
100.000 497.431 296.569
100.000 524.440 302.393
100.000 405.207 293.330
100.000 285.722 295.791
100.000 127.994 297.255
100.000 432.265 294.346
100.000 583.892 288.867
100.000 579.701 288.003
100.000 17.770 290.517
100.000 257.207 286.216
100.000 171.499 281.683
100.000 246.542 283.200
100.000 439.431 278.695
100.000 224.878 278.549
100.000 454.711 274.622
100.000 367.097 267.377
100.000 148.023 306.570
100.000 165.086 254.435
100.000 165.716 242.125
100.000 533.675 253.751
100.000 189.258 258.039
100.000 185.555 246.047
100.000 283.838 251.585
100.000 465.307 243.297
100.000 341.079 249.630
100.000 580.514 238.735
100.000 561.096 215.744
100.000 436.381 217.063
100.000 412.461 196.048
100.000 141.289 228.127
100.000 65.007 223.483
100.000 4.340 218.045
100.000 341.217 215.314
100.000 215.085 207.427
100.000 150.480 203.608
100.000 135.209 202.506
100.000 117.657 198.571
100.000 51.416 197.443
100.000 455.562 188.567
100.000 310.426 192.063
100.000 547.644 183.542
100.000 254.754 194.251
100.000 97.464 181.705
100.000 234.735 174.674
100.000 559.014 173.732
100.000 268.500 171.439
100.000 344.072 153.686
100.000 16.483 170.838
100.000 28.368 152.471
100.000 396.044 144.545
100.000 389.204 143.289
100.000 332.899 147.456
100.000 127.143 141.909
100.000 411.408 144.779
100.000 221.183 142.103
100.000 266.823 142.201
100.000 198.888 124.678
100.000 178.252 119.402
100.000 186.941 115.518
100.000 313.961 164.466
100.000 364.171 128.905
100.000 305.616 130.420
100.000 308.914 122.428
100.000 323.883 120.322
100.000 141.826 128.784
100.000 117.923 128.055
100.000 99.218 129.586
100.000 253.283 124.254
100.000 283.263 122.568
100.000 226.166 125.313
100.000 162.856 126.495
100.000 393.373 116.052
100.000 412.917 115.409
100.000 360.337 118.544
100.000 379.539 117.902
100.000 371.053 117.918
100.000 74.609 112.137
100.000 470.145 113.166
100.000 460.982 113.507
100.000 213.115 114.957
100.000 222.924 114.475
100.000 563.029 108.445
100.000 534.405 109.386
100.000 598.005 106.398
100.000 586.472 107.202
100.000 267.405 123.331
100.000 58.557 114.057
100.000 517.508 111.689
100.000 501.255 111.019
100.000 166.676 114.393
100.000 258.548 110.426
100.000 129.691 113.317
100.000 115.836 97.879
100.000 382.423 594.842
100.000 387.191 100.645
100.000 397.289 81.861
100.000 106.286 586.172
100.000 184.589 99.405
100.000 182.484 88.117
100.000 406.951 98.501
100.000 418.634 96.899
100.000 336.282 96.861
100.000 69.246 95.558
100.000 274.709 90.832
100.000 159.172 97.646
100.000 472.198 82.666
100.000 561.061 590.359
100.000 576.826 73.903
100.000 434.137 71.433
100.000 257.308 74.403
100.000 490.748 60.055
100.000 113.070 63.898
100.000 11.966 61.521
100.000 423.072 60.563
100.000 415.457 587.069
100.000 234.548 58.992
100.000 519.741 58.807
100.000 326.892 58.518
100.000 30.689 58.607
100.000 307.955 55.586
100.000 156.123 53.426
100.000 243.162 52.796
100.000 326.389 47.030
100.000 541.127 47.508
100.000 537.316 40.348
100.000 251.279 45.266
100.000 287.585 45.638
100.000 343.527 60.683
100.000 358.663 40.462
100.000 281.748 37.204
100.000 182.724 597.961
100.000 554.655 36.059
100.000 172.793 580.684
100.000 381.567 574.518
100.000 535.276 577.694
