100.000 383.729 104.648
100.000 18.744 23.512
100.000 191.594 7.598
100.000 345.006 562.043
100.000 197.615 558.890
100.000 70.207 542.879
100.000 195.613 505.218
100.000 257.195 496.375
100.000 485.980 484.847
100.000 508.164 453.130
100.000 405.685 445.486
100.000 80.112 444.364
100.000 532.999 423.461
100.000 425.900 406.240
100.000 1.789 395.480
100.000 445.261 388.388
100.000 574.971 364.480
100.000 140.725 360.530
100.000 18.631 359.622
100.000 172.275 356.917
100.000 45.865 305.933
100.000 579.738 283.008
100.000 427.079 283.273
100.000 203.228 282.447
100.000 568.537 277.658
100.000 560.408 262.474
100.000 519.295 233.402
100.000 128.004 221.732
100.000 99.474 207.674
100.000 9.582 206.518
100.000 52.854 203.376
100.000 529.098 193.121
100.000 175.510 159.694
100.000 133.891 148.401
100.000 122.553 139.135
100.000 540.648 143.408
100.000 130.742 112.401
100.000 5.014 108.955
100.000 302.298 585.708
100.000 256.855 100.825
100.000 483.024 82.484
100.000 420.712 103.075
100.000 454.943 67.198
100.000 326.229 52.869
100.000 589.754 44.798
100.000 350.429 45.890
100.000 342.952 34.124
100.000 277.120 39.088
100.000 191.295 34.762
100.000 366.681 32.103
100.000 110.050 571.731
