100.000 535.966 188.007
100.000 8.556 30.545
100.000 65.049 46.757
100.000 76.216 5.746
100.000 446.674 30.768
100.000 364.456 11.431
100.000 293.840 2.701
100.000 91.174 530.808
100.000 409.275 526.072
100.000 370.904 534.908
100.000 60.892 532.516
100.000 545.114 535.401
100.000 110.247 527.034
100.000 539.385 518.073
100.000 46.013 525.957
100.000 306.581 515.326
100.000 562.932 484.206
100.000 595.496 470.750
100.000 39.372 454.481
100.000 112.621 450.626
100.000 11.834 437.624
100.000 407.368 432.388
100.000 506.898 424.778
100.000 583.571 413.805
100.000 134.919 402.590
100.000 304.610 399.195
100.000 367.962 383.163
100.000 240.070 370.903
100.000 267.153 364.793
100.000 520.785 342.060
100.000 519.352 330.112
100.000 70.204 328.728
100.000 487.548 330.625
100.000 427.810 292.251
100.000 334.518 306.999
100.000 511.171 297.372
100.000 537.596 584.024
100.000 554.063 273.543
100.000 284.113 248.488
100.000 296.773 237.387
100.000 27.165 249.498
100.000 209.010 230.350
100.000 262.397 228.996
100.000 49.020 228.125
100.000 471.293 220.804
100.000 26.224 218.143
100.000 347.373 211.458
100.000 215.124 202.690
100.000 287.027 194.444
100.000 32.353 197.756
100.000 105.700 181.497
100.000 61.575 179.875
100.000 263.103 178.445
100.000 484.860 175.718
100.000 463.878 169.041
100.000 300.737 168.227
100.000 207.440 166.539
100.000 204.200 156.818
100.000 242.327 155.962
100.000 349.677 154.382
100.000 388.560 153.605
100.000 421.321 142.662
100.000 568.567 131.524
100.000 207.733 132.103
100.000 514.760 133.495
100.000 280.423 125.085
100.000 90.386 109.550
100.000 33.149 121.829
100.000 26.179 121.043
100.000 110.166 120.780
100.000 200.222 111.782
100.000 192.326 103.348
100.000 38.015 98.309
100.000 490.754 583.015
100.000 180.083 580.366
100.000 243.700 565.686
100.000 421.415 60.600
100.000 571.540 63.458
100.000 459.689 38.815
100.000 37.006 561.168
100.000 480.760 28.655
100.000 576.653 557.218
