100.000 314.121 48.639
100.000 189.754 20.960
100.000 386.878 2.937
100.000 312.688 559.087
100.000 303.960 558.451
100.000 387.159 554.430
100.000 255.369 535.595
100.000 420.244 512.636
100.000 300.393 511.866
100.000 560.365 461.775
100.000 494.610 442.619
100.000 347.392 442.444
100.000 353.966 391.903
100.000 552.374 392.443
100.000 486.407 389.567
100.000 278.566 391.998
100.000 535.787 365.752
100.000 315.020 370.635
100.000 65.828 367.298
100.000 223.143 339.531
100.000 546.629 331.861
100.000 492.050 296.606
100.000 328.059 281.839
100.000 182.742 277.499
100.000 113.555 273.090
100.000 71.114 235.703
100.000 165.874 236.156
100.000 163.312 230.122
100.000 506.898 233.954
100.000 2.814 230.453
100.000 549.131 219.614
100.000 475.021 223.094
100.000 37.452 193.165
100.000 481.913 193.339
100.000 4.891 187.166
100.000 79.140 174.909
100.000 541.806 137.887
100.000 419.140 139.375
100.000 414.786 115.534
100.000 139.658 109.747
100.000 306.108 110.472
100.000 376.452 101.701
100.000 496.858 97.991
100.000 210.619 72.862
100.000 376.026 73.563
100.000 548.842 67.815
100.000 256.255 66.433
100.000 151.539 63.081
100.000 246.233 54.623
100.000 87.227 569.750
100.000 332.363 52.485
100.000 426.042 46.315
100.000 131.768 42.416
100.000 346.820 35.462
100.000 40.106 33.849
100.000 27.248 569.736
