100.000 332.147 130.601
100.000 425.052 30.123
100.000 164.489 23.879
100.000 479.578 10.923
100.000 289.888 588.251
100.000 307.052 597.747
100.000 279.900 597.487
100.000 259.192 586.091
100.000 410.343 586.925
100.000 51.990 517.217
100.000 335.961 512.132
100.000 254.692 514.884
100.000 192.393 515.214
100.000 80.798 512.288
100.000 598.656 492.906
100.000 372.478 491.269
100.000 140.329 488.361
100.000 310.334 486.033
100.000 1.723 477.992
100.000 265.968 472.560
100.000 226.945 454.444
100.000 264.024 464.467
100.000 252.848 453.424
100.000 213.127 474.941
100.000 20.903 455.828
100.000 279.159 449.518
100.000 27.600 444.290
100.000 233.764 440.310
100.000 140.879 423.136
100.000 134.954 406.760
100.000 448.126 373.296
100.000 141.542 371.585
100.000 61.500 358.348
100.000 322.143 343.973
100.000 421.001 339.782
100.000 23.350 338.134
100.000 510.026 303.789
100.000 501.553 333.690
100.000 503.426 326.826
100.000 142.022 330.084
100.000 270.933 315.993
100.000 2.436 303.510
100.000 118.802 301.565
100.000 390.487 287.944
100.000 152.612 286.147
100.000 245.532 265.522
100.000 86.413 270.367
100.000 6.654 267.225
100.000 455.507 251.661
100.000 451.749 240.215
100.000 12.043 249.838
100.000 370.635 240.181
100.000 47.776 218.905
100.000 544.102 203.942
100.000 138.581 193.522
100.000 32.952 169.311
100.000 60.213 587.307
100.000 16.765 114.909
100.000 138.178 92.957
100.000 240.555 94.473
100.000 140.041 156.362
100.000 50.559 90.863
100.000 6.791 90.837
100.000 82.457 127.193
100.000 118.201 81.893
100.000 124.434 79.093
100.000 309.108 76.314
100.000 160.838 117.955
100.000 207.189 69.356
100.000 118.352 62.209
100.000 314.884 37.200
100.000 400.529 38.403
100.000 195.590 590.470
100.000 449.265 587.601
