100.000 551.451 42.413
100.000 290.875 22.515
100.000 317.242 12.660
100.000 392.155 13.434
100.000 514.450 534.560
100.000 55.305 597.753
100.000 223.734 530.747
100.000 482.005 527.490
100.000 227.200 504.963
100.000 76.568 493.072
100.000 573.020 470.022
100.000 503.716 470.734
100.000 69.078 460.528
100.000 49.804 445.321
100.000 386.580 444.442
100.000 361.405 439.305
100.000 190.963 432.430
100.000 261.222 429.914
100.000 207.073 425.919
100.000 168.465 403.134
100.000 493.238 403.089
100.000 135.940 386.627
100.000 150.596 376.308
100.000 262.174 386.752
100.000 240.529 384.579
100.000 230.447 371.231
100.000 416.858 347.494
100.000 295.248 341.858
100.000 165.150 337.334
100.000 9.767 337.174
100.000 222.465 327.341
100.000 507.081 317.242
100.000 589.536 308.307
100.000 344.878 295.441
100.000 507.098 291.990
100.000 416.008 282.465
100.000 539.664 272.003
100.000 24.279 264.134
100.000 143.496 255.152
100.000 283.408 241.127
100.000 281.457 231.702
100.000 169.749 228.059
100.000 296.848 223.566
100.000 215.450 207.452
100.000 331.932 204.416
100.000 78.488 215.455
100.000 22.649 204.131
100.000 585.774 198.900
100.000 300.228 182.900
100.000 400.185 176.344
100.000 334.114 158.058
100.000 492.344 132.559
100.000 280.642 100.973
100.000 539.558 101.642
100.000 143.925 102.662
100.000 190.550 97.056
100.000 44.805 66.928
100.000 168.676 64.448
100.000 401.830 59.196
100.000 458.467 50.733
100.000 484.415 50.387
100.000 322.528 588.517
100.000 266.643 42.246
100.000 21.445 35.950
100.000 92.872 27.273
100.000 122.308 587.470
100.000 136.364 556.476
