100.000 473.271 23.324
100.000 436.706 8.740
100.000 330.499 4.958
100.000 38.676 570.079
100.000 63.123 570.427
100.000 581.677 553.558
100.000 597.850 537.656
100.000 92.436 537.000
100.000 270.208 531.001
100.000 173.102 530.286
100.000 370.922 527.361
100.000 48.811 512.439
100.000 415.808 496.132
100.000 114.211 494.125
100.000 77.929 491.803
100.000 202.222 487.419
100.000 284.849 488.915
100.000 322.632 479.463
100.000 585.016 425.892
100.000 537.572 420.151
100.000 404.803 414.033
100.000 580.908 396.366
100.000 498.319 376.401
100.000 531.858 379.149
100.000 177.824 369.137
100.000 256.009 372.079
100.000 412.122 363.972
100.000 312.116 340.317
100.000 68.913 321.303
100.000 269.224 317.907
100.000 430.129 304.720
100.000 140.562 288.859
100.000 595.948 285.220
100.000 261.580 285.543
100.000 108.833 271.403
100.000 20.854 271.929
100.000 551.601 266.531
100.000 499.550 201.938
100.000 103.188 202.446
100.000 82.156 197.228
100.000 539.224 182.905
100.000 130.497 173.559
100.000 416.730 171.061
100.000 209.177 161.473
100.000 286.091 156.736
100.000 542.384 121.317
100.000 509.295 110.769
100.000 10.565 102.569
100.000 269.521 98.042
100.000 426.530 83.782
100.000 409.507 71.942
100.000 86.975 64.556
100.000 569.197 62.239
100.000 482.754 55.203
100.000 566.407 48.322
100.000 314.823 44.452
100.000 373.994 592.660
100.000 464.512 590.199
