100.000 467.756 136.548
100.000 251.114 78.465
100.000 402.772 22.401
100.000 343.925 21.693
100.000 460.659 17.813
100.000 309.942 15.658
100.000 84.994 8.899
100.000 566.600 10.794
100.000 275.759 2.968
100.000 267.173 435.288
100.000 239.287 439.010
100.000 50.658 364.681
100.000 493.838 345.437
100.000 308.162 347.894
100.000 534.471 329.583
100.000 144.811 326.724
100.000 57.956 311.034
100.000 570.764 309.373
100.000 386.887 304.666
100.000 40.640 297.759
100.000 346.596 294.531
100.000 443.063 307.278
100.000 3.555 276.205
100.000 486.551 277.374
100.000 579.181 261.504
100.000 348.732 245.000
100.000 463.068 238.603
100.000 533.739 233.704
100.000 393.104 231.786
100.000 463.829 224.677
100.000 516.586 209.894
100.000 86.667 206.996
100.000 376.467 207.546
100.000 218.204 205.974
100.000 45.016 200.478
100.000 71.576 199.936
100.000 576.368 189.950
100.000 435.508 192.563
100.000 225.899 190.771
100.000 233.047 186.469
100.000 414.690 191.027
100.000 246.171 187.224
100.000 359.857 179.491
100.000 574.333 179.965
100.000 572.735 173.257
100.000 429.097 179.326
100.000 409.216 177.652
100.000 227.280 155.392
100.000 219.543 146.054
100.000 148.213 177.035
100.000 492.096 156.672
100.000 215.316 584.353
100.000 402.164 152.484
100.000 283.214 149.809
100.000 276.618 139.454
100.000 515.793 139.631
100.000 392.345 137.867
100.000 403.499 138.011
100.000 396.586 134.268
100.000 446.218 101.863
100.000 438.883 95.552
100.000 256.039 103.336
100.000 266.359 123.072
100.000 263.673 110.450
100.000 40.759 580.954
100.000 134.865 113.645
100.000 130.822 101.339
100.000 245.341 117.372
100.000 557.182 154.154
100.000 315.337 99.688
100.000 316.164 92.582
100.000 198.261 102.252
100.000 41.527 98.528
100.000 520.707 106.130
100.000 146.728 99.444
100.000 374.660 94.461
100.000 377.936 84.214
100.000 259.811 68.954
100.000 98.336 92.942
100.000 211.421 86.426
100.000 197.776 85.592
100.000 197.078 78.009
100.000 414.373 87.594
100.000 304.214 85.135
100.000 303.881 75.379
100.000 309.157 69.169
100.000 483.906 57.889
100.000 491.218 62.643
100.000 492.317 73.652
100.000 564.847 70.449
100.000 384.642 55.264
100.000 362.184 55.045
100.000 416.519 53.756
100.000 407.014 56.351
100.000 191.643 55.961
100.000 564.175 53.881
100.000 526.904 52.464
100.000 546.494 45.169
100.000 37.114 49.174
100.000 293.601 47.803
100.000 287.719 44.633
100.000 143.844 36.856
100.000 463.506 31.425
100.000 186.678 26.959
100.000 74.458 563.880
100.000 261.211 567.157
100.000 170.340 548.675
100.000 378.087 540.620
100.000 450.240 515.554
100.000 572.933 442.026
