100.000 571.794 336.334
100.000 12.178 61.988
100.000 535.425 38.535
100.000 247.604 33.472
100.000 61.918 18.978
100.000 430.594 14.524
100.000 296.237 4.159
100.000 313.388 2.287
100.000 556.336 2.287
100.000 76.313 537.599
100.000 314.304 595.878
100.000 98.819 597.274
100.000 263.406 507.583
100.000 501.562 500.748
100.000 204.711 501.905
100.000 119.902 492.739
100.000 578.773 487.200
100.000 408.306 486.518
100.000 145.066 482.728
100.000 111.334 481.360
100.000 65.188 476.516
100.000 332.043 463.496
100.000 386.954 465.771
100.000 283.517 461.939
100.000 225.467 458.511
100.000 187.799 455.070
100.000 404.900 434.525
100.000 96.725 429.826
100.000 311.039 423.245
100.000 329.790 415.381
100.000 351.978 406.762
100.000 191.214 395.765
100.000 475.910 597.213
100.000 3.038 365.544
100.000 135.699 340.354
100.000 116.644 329.670
100.000 177.461 316.303
100.000 454.808 310.472
100.000 378.391 307.849
100.000 151.904 298.526
100.000 239.275 293.981
100.000 228.919 283.375
100.000 143.035 276.355
100.000 320.691 272.615
100.000 532.704 255.261
100.000 209.097 265.483
100.000 494.380 265.341
100.000 406.365 377.154
100.000 358.587 259.237
100.000 363.585 237.849
100.000 132.869 232.645
100.000 17.622 233.371
100.000 391.297 221.677
100.000 407.380 219.794
100.000 477.905 374.578
100.000 327.800 214.606
100.000 430.674 199.157
100.000 453.301 185.698
100.000 277.650 192.787
100.000 479.269 191.488
100.000 475.003 173.179
100.000 186.778 164.157
100.000 381.785 156.180
100.000 83.284 153.801
100.000 527.980 141.981
100.000 564.189 152.637
100.000 458.263 148.116
100.000 68.440 139.213
100.000 568.157 128.175
100.000 552.962 127.340
100.000 265.904 118.815
100.000 122.364 118.738
100.000 411.284 119.147
100.000 593.717 101.943
100.000 295.009 90.681
100.000 452.111 91.830
100.000 567.612 80.061
100.000 56.845 76.099
100.000 61.463 67.564
100.000 225.489 70.568
100.000 161.301 584.904
100.000 92.240 580.233
100.000 457.678 56.752
100.000 407.245 47.899
100.000 40.955 52.101
100.000 510.555 44.458
100.000 506.223 36.641
100.000 511.481 33.628
100.000 546.448 56.967
100.000 288.092 38.808
100.000 480.801 582.736
100.000 213.281 564.848
100.000 299.951 547.434
100.000 104.564 540.438
100.000 380.543 538.184
