100.000 310.554 89.891
100.000 60.220 51.195
100.000 256.077 53.757
100.000 244.887 40.363
100.000 209.164 24.137
100.000 459.453 18.476
100.000 437.713 18.980
100.000 112.414 10.221
100.000 374.564 7.302
100.000 463.537 3.858
100.000 542.618 8.700
100.000 585.327 6.456
100.000 334.323 8.354
100.000 417.955 559.843
100.000 395.221 597.756
100.000 339.187 587.875
100.000 500.972 555.372
100.000 192.449 547.234
100.000 598.031 540.594
100.000 440.709 537.845
100.000 493.719 532.392
100.000 485.588 524.922
100.000 583.317 536.172
100.000 553.312 529.353
100.000 369.035 531.618
100.000 294.356 524.497
100.000 39.809 479.904
100.000 29.374 518.715
100.000 18.642 501.965
100.000 593.234 517.782
100.000 387.441 509.142
100.000 311.090 505.793
100.000 537.431 502.099
100.000 522.041 488.100
100.000 130.959 498.702
100.000 456.856 496.456
100.000 562.225 487.059
100.000 158.551 475.060
100.000 270.715 492.423
100.000 203.287 487.499
100.000 422.779 489.597
100.000 458.209 485.416
100.000 130.237 478.507
100.000 103.505 462.077
100.000 95.541 411.932
100.000 596.489 462.565
100.000 59.731 460.759
100.000 444.746 455.947
100.000 181.990 450.999
100.000 269.775 448.695
100.000 378.322 441.310
100.000 521.455 437.418
100.000 133.480 440.450
100.000 27.951 435.768
100.000 226.657 464.795
100.000 251.654 420.321
100.000 457.926 408.791
100.000 288.479 394.476
100.000 250.971 397.412
100.000 164.332 388.428
100.000 234.564 385.092
100.000 23.052 383.795
100.000 335.462 368.838
100.000 297.165 376.671
100.000 254.697 376.871
100.000 455.783 372.668
100.000 421.366 366.516
100.000 496.818 369.760
100.000 521.321 367.970
100.000 584.850 466.784
100.000 494.237 467.077
100.000 144.006 367.500
100.000 256.634 365.769
100.000 578.305 361.479
100.000 567.223 356.332
100.000 27.883 463.573
100.000 302.844 357.980
100.000 387.550 336.457
100.000 309.600 347.077
100.000 85.510 344.909
100.000 123.724 330.017
100.000 579.042 339.095
100.000 430.193 334.653
100.000 241.083 335.138
100.000 480.675 326.358
100.000 12.949 318.175
100.000 6.414 300.140
100.000 409.911 322.063
100.000 393.107 314.095
100.000 586.614 311.994
100.000 491.838 320.978
100.000 187.368 308.699
100.000 387.830 300.451
100.000 334.041 305.457
100.000 265.739 294.961
100.000 540.283 284.666
100.000 493.240 291.962
100.000 179.730 280.062
100.000 386.913 279.679
100.000 333.815 274.497
100.000 424.584 269.151
100.000 5.708 265.101
100.000 239.515 252.726
100.000 180.269 245.643
100.000 402.028 249.169
100.000 563.730 237.254
100.000 108.424 237.206
100.000 450.553 239.476
100.000 201.943 240.767
100.000 56.850 236.845
100.000 513.946 237.655
100.000 255.086 219.988
100.000 24.320 236.975
100.000 74.011 227.644
100.000 473.599 223.623
100.000 5.421 253.887
100.000 62.584 217.019
100.000 384.786 204.336
100.000 381.558 194.207
100.000 281.017 204.077
100.000 403.068 196.957
100.000 48.340 195.575
100.000 242.257 195.143
100.000 283.405 193.131
100.000 269.042 189.792
100.000 491.238 185.623
100.000 50.097 246.709
100.000 266.149 158.239
100.000 548.034 149.960
100.000 369.905 145.759
100.000 94.549 147.987
100.000 4.658 141.674
100.000 7.980 128.231
100.000 579.095 132.902
100.000 576.460 123.366
100.000 280.015 143.264
100.000 502.000 137.125
100.000 74.298 141.826
100.000 49.390 138.493
100.000 192.671 153.428
100.000 506.909 153.200
100.000 153.046 149.690
100.000 536.381 110.382
100.000 314.036 112.952
100.000 301.052 105.985
100.000 523.665 591.301
100.000 196.376 101.174
100.000 412.982 100.861
100.000 102.834 94.434
100.000 103.254 86.693
100.000 460.051 78.432
100.000 514.663 576.600
100.000 275.805 98.886
100.000 472.571 594.875
100.000 441.951 586.258
100.000 63.576 67.342
100.000 142.488 61.505
100.000 477.680 61.356
100.000 534.475 61.897
100.000 165.152 74.828
100.000 298.968 54.649
100.000 29.858 59.104
100.000 285.966 52.340
100.000 563.464 49.324
100.000 108.888 44.182
100.000 518.717 34.318
100.000 455.364 27.705
100.000 123.594 593.800
100.000 393.791 583.529
100.000 94.460 563.911
100.000 265.157 583.334
100.000 2.640 25.982
100.000 41.131 578.953
100.000 62.608 554.812
100.000 478.049 575.524
100.000 239.666 574.954
