100.000 8.265 14.017
100.000 300.115 5.015
100.000 460.249 3.695
100.000 268.625 541.556
100.000 129.959 595.962
100.000 377.173 515.249
100.000 380.162 503.021
100.000 342.320 512.962
100.000 572.664 497.956
100.000 527.772 499.667
100.000 118.546 496.566
100.000 320.306 519.981
100.000 253.225 484.943
100.000 587.684 473.459
100.000 301.216 459.563
100.000 565.115 449.631
100.000 31.273 456.121
100.000 264.516 444.163
100.000 410.390 447.741
100.000 480.608 424.709
100.000 399.837 427.215
100.000 535.055 419.528
100.000 508.889 367.259
100.000 210.744 324.105
100.000 127.215 315.247
100.000 70.284 315.565
100.000 359.122 295.912
100.000 73.377 289.288
100.000 142.382 257.921
100.000 204.053 254.745
100.000 597.245 235.761
100.000 416.972 233.713
100.000 547.257 214.694
100.000 193.567 203.911
100.000 451.743 198.951
100.000 283.028 192.356
100.000 227.011 192.000
100.000 298.845 177.881
100.000 101.592 160.044
100.000 336.072 157.010
100.000 245.417 157.665
100.000 362.602 154.999
100.000 50.208 152.707
100.000 210.789 147.824
100.000 566.891 138.922
100.000 242.724 126.123
100.000 123.201 125.901
100.000 351.540 107.354
100.000 574.622 98.993
100.000 200.734 90.745
100.000 300.159 89.647
100.000 252.644 87.556
100.000 318.740 83.698
100.000 325.795 81.002
100.000 293.438 79.877
100.000 508.887 78.371
100.000 367.638 79.530
100.000 115.311 72.379
100.000 387.335 70.598
100.000 193.011 55.166
100.000 576.918 52.833
100.000 252.504 567.503
100.000 3.336 552.826
