100.000 156.596 76.457
100.000 569.307 24.892
100.000 256.009 23.738
100.000 188.954 22.429
100.000 276.119 20.422
100.000 100.164 12.047
100.000 544.346 7.453
100.000 295.989 5.139
100.000 178.266 576.244
100.000 26.267 576.140
100.000 108.526 582.155
100.000 424.599 569.944
100.000 323.208 571.713
100.000 286.568 556.247
100.000 160.231 550.232
100.000 167.926 545.628
100.000 54.962 545.048
100.000 37.599 537.533
100.000 210.592 535.481
100.000 406.781 525.382
100.000 171.207 522.158
100.000 15.994 523.672
100.000 375.500 517.471
100.000 331.795 514.492
100.000 262.804 516.777
100.000 572.380 515.369
100.000 310.490 510.683
100.000 513.436 504.303
100.000 87.091 501.831
100.000 595.047 499.864
100.000 146.929 498.452
100.000 310.049 488.379
100.000 149.169 485.810
100.000 554.395 483.885
100.000 534.765 481.177
100.000 515.275 477.149
100.000 31.388 479.543
100.000 460.108 473.636
100.000 326.980 466.099
100.000 216.592 459.830
100.000 243.797 449.968
100.000 131.789 451.219
100.000 170.375 447.654
100.000 412.124 445.273
100.000 293.218 439.728
100.000 544.218 436.570
100.000 398.471 448.573
100.000 511.386 428.836
100.000 502.541 432.027
100.000 355.166 429.454
100.000 594.235 424.419
100.000 87.680 421.258
100.000 8.185 407.459
100.000 286.798 405.013
100.000 421.411 397.501
100.000 444.019 407.759
100.000 515.963 390.073
100.000 343.540 393.568
100.000 165.021 393.396
100.000 418.322 360.880
100.000 208.171 355.682
100.000 281.498 347.502
100.000 44.907 342.135
100.000 575.737 348.204
100.000 422.181 325.480
100.000 150.076 324.713
100.000 344.597 320.398
100.000 304.324 341.779
100.000 448.232 305.882
100.000 589.936 301.382
100.000 521.560 301.123
100.000 106.634 295.374
100.000 221.758 293.811
100.000 323.605 283.616
100.000 341.986 284.454
100.000 77.688 280.308
100.000 486.892 268.204
100.000 17.846 269.461
100.000 560.768 259.036
100.000 298.781 255.775
100.000 475.435 251.953
100.000 422.465 243.345
100.000 19.247 246.566
100.000 464.308 240.888
100.000 185.022 238.579
100.000 92.576 235.451
100.000 134.003 229.269
100.000 448.372 196.498
100.000 327.785 191.227
100.000 361.100 181.119
100.000 311.431 184.027
100.000 39.804 169.123
100.000 247.581 168.979
100.000 124.568 164.468
100.000 457.950 165.030
100.000 168.024 158.742
100.000 62.291 154.626
100.000 336.909 148.609
100.000 472.305 144.704
100.000 228.299 141.008
100.000 8.571 137.738
100.000 572.436 135.463
100.000 144.642 132.608
100.000 400.016 113.691
100.000 77.822 112.852
100.000 176.750 111.813
100.000 51.693 101.360
100.000 377.831 100.683
100.000 516.971 90.207
100.000 117.967 83.150
100.000 213.651 83.388
100.000 296.693 597.096
100.000 53.146 74.367
100.000 295.460 66.901
100.000 206.807 67.911
100.000 184.076 64.327
100.000 543.076 77.729
100.000 61.114 58.417
100.000 598.128 52.852
100.000 550.095 51.718
100.000 46.572 46.848
100.000 214.911 41.688
100.000 422.138 40.053
100.000 432.935 582.982
100.000 544.413 33.530
100.000 248.740 30.993
100.000 351.533 29.299
100.000 335.583 29.571
100.000 307.161 28.744
100.000 101.892 23.764
100.000 148.416 586.864
100.000 468.019 585.931
100.000 353.602 583.042
100.000 390.981 578.801
100.000 4.118 576.875
