100.000 530.857 10.418
100.000 527.652 27.997
100.000 587.835 27.380
100.000 29.979 7.536
100.000 132.321 18.863
100.000 57.620 15.923
100.000 9.003 3.520
100.000 33.907 580.588
100.000 534.975 541.432
100.000 533.847 528.120
100.000 165.315 542.026
100.000 287.274 526.055
100.000 361.126 515.259
100.000 417.525 506.000
100.000 247.161 500.373
100.000 534.027 504.303
100.000 428.684 499.809
100.000 423.653 494.084
100.000 41.079 503.935
100.000 129.756 487.620
100.000 533.771 469.158
100.000 479.246 465.774
100.000 533.021 453.072
100.000 587.008 446.971
100.000 302.984 441.911
100.000 492.269 440.947
100.000 34.020 444.892
100.000 534.238 425.753
100.000 477.081 426.838
100.000 508.906 421.132
100.000 324.646 424.242
100.000 33.502 416.637
100.000 462.239 408.274
100.000 369.207 408.853
100.000 533.319 405.372
100.000 33.401 405.179
100.000 165.842 404.399
100.000 352.459 403.671
100.000 400.246 391.598
100.000 37.234 384.101
100.000 215.440 386.245
100.000 248.387 381.383
100.000 533.340 373.058
100.000 305.107 375.214
100.000 374.145 370.933
100.000 512.659 371.537
100.000 35.466 361.971
100.000 308.808 343.673
100.000 14.840 340.388
100.000 532.317 327.175
100.000 281.048 328.403
100.000 314.518 321.978
100.000 248.621 323.011
100.000 532.896 308.822
100.000 182.132 305.871
100.000 124.798 288.748
100.000 51.522 279.788
100.000 31.654 270.656
100.000 516.096 266.318
100.000 532.395 234.589
100.000 532.119 263.867
100.000 532.774 251.764
100.000 472.966 271.040
100.000 246.968 267.489
100.000 304.810 266.627
100.000 130.944 267.255
100.000 106.382 265.667
100.000 67.375 268.075
100.000 360.498 272.929
100.000 407.209 266.317
100.000 581.580 265.838
100.000 428.333 265.825
100.000 402.339 283.844
100.000 560.202 265.207
100.000 449.649 265.837
100.000 480.817 256.567
100.000 347.734 236.852
100.000 459.501 229.205
100.000 216.734 219.766
100.000 531.875 213.260
100.000 475.903 211.700
100.000 109.697 208.983
100.000 32.331 191.513
100.000 31.674 169.781
100.000 532.408 159.204
100.000 491.674 156.405
100.000 548.679 150.945
100.000 44.914 152.875
100.000 32.707 145.165
100.000 72.466 137.731
100.000 353.934 128.508
100.000 532.326 130.282
100.000 531.655 96.409
100.000 231.076 122.797
100.000 32.135 101.567
100.000 42.750 83.258
100.000 531.181 78.426
100.000 531.671 59.495
100.000 534.955 579.639
100.000 531.403 48.542
100.000 387.026 583.197
100.000 498.980 75.088
100.000 193.648 70.995
100.000 38.351 59.101
100.000 330.603 45.029
100.000 170.676 47.551
100.000 457.205 40.437
100.000 274.404 576.874
100.000 142.571 577.329
100.000 63.160 578.082
100.000 12.416 560.204
