100.000 162.561 27.189
100.000 269.506 561.209
100.000 487.184 598.194
100.000 377.049 596.763
100.000 175.624 519.636
100.000 361.168 500.095
100.000 150.822 499.205
100.000 450.123 488.706
100.000 166.087 433.957
100.000 597.988 418.865
100.000 278.320 421.369
100.000 466.501 385.247
100.000 296.094 390.277
100.000 371.504 374.212
100.000 266.825 380.858
100.000 3.070 377.071
100.000 80.136 350.955
100.000 467.577 335.441
100.000 27.340 343.137
100.000 201.319 318.084
100.000 191.975 296.462
100.000 203.418 293.502
100.000 578.851 297.807
100.000 110.436 246.567
100.000 114.915 240.596
100.000 256.766 241.405
100.000 506.786 193.280
100.000 115.508 191.497
100.000 20.414 195.178
100.000 592.375 179.651
100.000 269.811 136.107
100.000 419.097 124.862
100.000 165.428 116.854
100.000 339.039 101.215
100.000 194.329 105.573
100.000 399.770 94.465
100.000 209.169 70.679
100.000 592.039 28.335
