100.000 500.302 129.459
100.000 131.185 23.985
100.000 172.554 21.832
100.000 399.810 6.550
100.000 383.597 5.912
100.000 368.776 5.748
100.000 231.118 7.004
100.000 52.227 3.633
100.000 52.160 20.745
100.000 491.679 575.101
100.000 502.292 595.685
100.000 503.615 584.696
100.000 445.273 596.676
100.000 304.850 598.465
100.000 280.962 598.355
100.000 552.283 576.502
100.000 100.142 573.337
100.000 173.997 573.255
100.000 39.640 571.551
100.000 484.166 567.850
100.000 138.452 569.141
100.000 398.255 565.205
100.000 546.280 564.699
100.000 434.040 556.659
100.000 225.657 555.419
100.000 159.361 556.501
100.000 293.630 556.942
100.000 181.039 553.830
100.000 146.112 553.859
100.000 84.080 553.160
100.000 287.229 547.352
100.000 577.962 542.284
100.000 467.925 564.899
100.000 16.384 540.123
100.000 73.636 543.202
100.000 377.195 535.789
100.000 186.448 535.566
100.000 241.216 535.008
100.000 25.595 532.384
100.000 20.407 524.703
100.000 25.918 522.231
100.000 337.498 528.305
100.000 381.863 522.966
100.000 398.656 524.825
100.000 375.886 511.464
100.000 487.342 516.497
100.000 272.014 517.293
100.000 206.507 493.408
100.000 104.733 508.383
100.000 25.991 503.357
100.000 263.337 499.924
100.000 159.124 499.448
100.000 101.322 488.715
100.000 332.596 481.911
100.000 52.657 483.950
100.000 277.729 475.626
100.000 93.210 479.822
100.000 88.774 474.639
100.000 118.029 479.367
100.000 351.403 471.149
100.000 411.388 475.452
100.000 305.849 455.644
100.000 188.185 492.220
100.000 387.207 466.940
100.000 582.715 454.105
100.000 548.304 442.592
100.000 574.069 508.653
100.000 389.956 438.300
100.000 113.867 436.887
100.000 107.766 431.542
100.000 51.820 439.170
100.000 467.671 439.221
100.000 506.470 434.967
100.000 313.846 475.192
100.000 329.937 473.190
100.000 194.684 435.669
100.000 578.432 473.822
100.000 565.815 429.374
100.000 411.351 430.676
100.000 475.322 427.757
100.000 592.134 418.159
100.000 239.281 472.332
100.000 495.095 404.914
100.000 140.952 407.346
100.000 131.027 413.200
100.000 3.469 401.103
100.000 274.728 397.357
100.000 39.376 403.583
100.000 148.984 406.451
100.000 159.515 402.885
100.000 249.257 402.234
100.000 311.097 394.789
100.000 164.293 396.690
100.000 333.757 394.853
100.000 149.902 392.869
100.000 20.760 376.569
100.000 21.311 386.302
100.000 569.736 375.463
100.000 435.104 380.429
100.000 218.513 376.365
100.000 488.558 371.707
100.000 146.777 367.629
100.000 310.852 364.067
100.000 285.649 363.265
100.000 419.163 376.118
100.000 388.583 361.958
100.000 167.738 362.074
100.000 374.711 350.404
100.000 58.046 347.994
100.000 159.483 342.838
100.000 176.818 339.372
100.000 291.360 344.596
100.000 421.594 329.698
100.000 390.646 338.022
100.000 74.915 322.308
100.000 137.436 315.159
100.000 448.228 335.297
100.000 428.632 316.265
100.000 16.606 323.027
100.000 199.584 308.253
100.000 318.232 309.923
100.000 95.146 300.474
100.000 318.190 299.538
100.000 442.170 292.740
100.000 418.654 286.531
100.000 533.838 267.862
100.000 404.305 273.175
100.000 364.327 269.527
100.000 593.834 259.717
100.000 207.548 259.404
100.000 293.983 255.539
100.000 66.105 255.466
100.000 329.484 242.035
100.000 348.156 250.681
100.000 339.404 248.111
100.000 173.598 264.941
100.000 99.378 235.965
100.000 15.669 232.282
100.000 374.536 231.988
100.000 45.934 226.740
100.000 381.809 220.851
100.000 300.271 219.998
100.000 305.952 210.077
100.000 557.194 217.977
100.000 21.553 219.863
100.000 68.500 218.567
100.000 217.868 200.651
100.000 246.534 268.822
100.000 255.660 179.477
100.000 145.426 188.538
100.000 68.305 198.581
100.000 39.089 186.385
100.000 418.238 184.652
100.000 55.423 178.694
100.000 18.844 175.599
100.000 165.726 167.702
100.000 203.620 167.883
100.000 575.292 164.003
100.000 293.552 157.304
100.000 296.979 143.809
100.000 412.914 152.257
100.000 139.446 149.641
100.000 567.015 136.215
100.000 361.135 596.396
100.000 338.271 138.570
100.000 100.076 136.989
100.000 404.327 130.060
100.000 400.362 135.622
100.000 265.088 143.713
100.000 26.604 129.560
100.000 231.362 120.481
100.000 240.072 120.948
100.000 283.423 114.564
100.000 308.487 105.980
100.000 197.625 107.030
100.000 7.415 99.583
100.000 347.828 98.174
100.000 594.008 100.914
100.000 291.728 101.309
100.000 418.573 98.777
100.000 201.796 84.944
100.000 306.088 76.594
100.000 447.252 78.154
100.000 189.015 73.286
100.000 3.272 72.428
100.000 438.584 140.817
100.000 172.638 71.423
100.000 209.351 81.775
100.000 25.389 64.649
100.000 378.307 59.794
100.000 414.050 57.819
100.000 428.452 55.393
100.000 201.210 50.834
100.000 331.488 49.193
100.000 385.702 48.277
100.000 163.583 45.200
100.000 470.738 44.641
100.000 270.754 588.583
100.000 565.777 30.577
100.000 413.505 24.173
100.000 13.962 584.271
100.000 326.298 585.232
100.000 56.700 586.736
100.000 149.475 582.003
100.000 314.500 581.332
100.000 476.647 581.333
