100.000 336.849 31.004
100.000 335.873 17.676
100.000 98.942 17.127
100.000 547.705 3.467
100.000 26.073 576.535
100.000 470.072 560.655
100.000 299.938 554.548
100.000 519.163 553.312
100.000 531.862 536.272
100.000 443.164 534.835
100.000 37.756 532.806
100.000 484.260 521.428
100.000 224.422 521.263
100.000 96.170 509.630
100.000 497.322 494.859
100.000 45.304 497.091
100.000 10.618 486.380
100.000 334.409 490.834
100.000 433.797 487.175
100.000 545.420 475.981
100.000 409.893 461.531
100.000 42.491 457.463
100.000 317.908 448.013
100.000 424.835 444.486
100.000 124.542 437.382
100.000 86.397 434.525
100.000 496.006 424.372
100.000 459.616 417.672
100.000 555.671 407.688
100.000 382.897 396.483
100.000 80.522 384.674
100.000 75.417 389.199
100.000 76.527 383.507
100.000 238.142 386.553
100.000 176.818 384.911
100.000 170.566 370.332
100.000 586.222 368.128
100.000 35.658 352.258
100.000 72.672 343.555
100.000 64.999 338.259
100.000 394.671 341.085
100.000 356.777 339.395
100.000 527.234 327.293
100.000 298.370 320.628
100.000 174.687 310.305
100.000 10.312 294.665
100.000 224.681 280.108
100.000 78.957 282.085
100.000 39.754 279.701
100.000 290.869 255.742
100.000 406.827 244.873
100.000 87.178 242.412
100.000 569.168 236.708
100.000 100.238 217.386
100.000 24.263 203.108
100.000 140.809 214.265
100.000 430.386 201.398
100.000 575.003 180.498
100.000 476.383 170.305
100.000 360.566 176.286
100.000 285.547 173.888
100.000 421.403 176.764
100.000 236.613 148.906
100.000 271.660 147.375
100.000 227.022 143.220
100.000 197.658 133.842
100.000 134.176 129.642
100.000 405.745 111.483
100.000 46.283 114.288
100.000 542.150 99.902
100.000 316.616 110.970
100.000 456.339 92.897
100.000 217.695 90.127
100.000 228.725 87.181
100.000 400.958 86.884
100.000 367.225 85.974
100.000 301.320 79.389
100.000 333.051 80.956
100.000 320.250 80.707
100.000 235.135 74.921
100.000 246.530 75.802
100.000 2.230 72.839
100.000 548.406 71.978
100.000 204.012 72.806
100.000 482.497 65.807
100.000 401.151 66.223
100.000 102.433 64.289
100.000 81.256 60.544
100.000 46.679 60.498
100.000 2.713 56.697
100.000 20.950 58.382
100.000 173.970 46.768
100.000 112.469 35.641
100.000 155.122 595.127
100.000 124.071 593.102
100.000 42.184 29.797
100.000 84.858 590.434
