100.000 426.667 78.208
100.000 167.391 168.204
100.000 477.591 57.276
100.000 433.449 42.730
100.000 584.502 34.998
100.000 266.419 20.224
100.000 425.203 26.014
100.000 597.241 31.532
100.000 77.735 23.831
100.000 248.068 30.707
100.000 141.923 18.871
100.000 540.822 39.534
100.000 305.883 16.328
100.000 368.133 11.368
100.000 280.256 8.081
100.000 525.385 7.802
100.000 256.406 11.971
100.000 51.993 3.264
100.000 572.693 2.447
100.000 344.521 3.604
100.000 255.012 536.950
100.000 453.202 598.715
100.000 304.042 598.223
100.000 151.051 596.810
100.000 67.720 589.286
100.000 227.536 538.140
100.000 591.257 535.733
100.000 176.785 528.145
100.000 97.500 531.168
100.000 203.813 524.428
100.000 586.547 523.869
100.000 590.308 518.880
100.000 354.728 542.570
100.000 279.011 522.463
100.000 5.411 520.991
100.000 266.971 509.314
100.000 401.154 502.423
100.000 492.447 506.575
100.000 339.281 502.703
100.000 176.441 495.363
100.000 304.783 496.181
100.000 491.453 494.859
100.000 239.127 491.555
100.000 92.316 482.798
100.000 374.969 486.129
100.000 487.527 483.334
100.000 104.131 485.120
100.000 104.627 479.537
100.000 478.692 482.404
100.000 397.789 480.254
100.000 344.802 478.800
100.000 327.636 475.212
100.000 270.274 476.088
100.000 427.139 472.124
100.000 246.379 469.862
100.000 26.823 473.383
100.000 477.632 459.064
100.000 103.802 458.250
100.000 163.301 462.022
100.000 331.982 456.570
100.000 128.830 453.013
100.000 143.491 450.123
100.000 263.601 455.152
100.000 594.293 450.825
100.000 440.925 440.691
100.000 5.622 446.937
100.000 236.262 435.530
100.000 266.490 430.623
100.000 56.301 452.118
100.000 399.570 425.571
100.000 92.933 421.793
100.000 449.889 416.514
100.000 539.173 405.143
100.000 162.940 411.071
100.000 516.302 410.708
100.000 594.655 410.064
100.000 243.113 409.344
100.000 197.435 407.496
100.000 517.991 401.071
100.000 423.650 405.542
100.000 365.014 399.002
100.000 154.201 400.630
100.000 575.957 397.157
100.000 258.270 395.850
100.000 13.545 390.246
100.000 435.270 388.247
100.000 398.805 386.219
100.000 529.080 387.178
100.000 274.425 383.062
100.000 433.452 374.014
100.000 156.602 376.185
100.000 210.827 366.969
100.000 98.038 367.159
100.000 104.337 357.612
100.000 186.544 363.312
100.000 469.353 358.380
100.000 132.141 363.871
100.000 539.144 357.214
100.000 544.419 354.784
100.000 509.991 359.100
100.000 115.994 355.794
100.000 168.853 355.863
100.000 465.036 350.303
100.000 245.339 350.549
100.000 215.937 347.451
100.000 207.599 347.776
100.000 335.511 344.624
100.000 296.986 346.054
100.000 427.342 336.906
100.000 21.593 312.728
100.000 5.363 332.900
100.000 15.119 324.759
100.000 244.906 339.272
100.000 382.926 331.529
100.000 125.946 324.897
100.000 294.141 325.534
100.000 52.414 324.833
100.000 580.191 324.651
100.000 318.926 347.852
100.000 496.656 315.789
100.000 352.313 301.346
100.000 352.834 292.951
100.000 25.661 299.654
100.000 595.834 297.929
100.000 451.385 292.798
100.000 451.966 288.476
100.000 284.680 289.683
100.000 308.451 290.293
100.000 423.116 312.251
100.000 265.222 287.509
100.000 16.750 287.844
100.000 281.501 305.632
100.000 426.800 250.165
100.000 432.026 280.216
100.000 428.213 269.856
100.000 441.361 258.356
100.000 440.799 246.243
100.000 433.450 240.799
100.000 547.655 279.524
100.000 227.692 284.787
100.000 338.831 281.159
100.000 175.723 276.680
100.000 357.500 276.042
100.000 30.500 271.547
100.000 522.967 272.226
100.000 122.755 270.029
100.000 332.069 266.604
100.000 339.617 261.671
100.000 544.761 266.571
100.000 508.387 266.382
100.000 122.676 256.961
100.000 410.108 253.952
100.000 333.235 253.589
100.000 462.699 240.940
100.000 501.001 240.328
100.000 35.012 236.602
100.000 259.000 229.874
100.000 190.337 227.132
100.000 586.180 220.006
100.000 429.256 205.263
100.000 430.767 170.738
100.000 396.161 595.198
100.000 427.774 60.808
100.000 428.392 155.316
100.000 429.101 138.456
100.000 428.769 120.649
100.000 471.832 205.524
100.000 230.785 214.327
100.000 121.475 214.214
100.000 353.804 229.365
100.000 500.915 202.651
100.000 377.714 204.839
100.000 565.102 197.603
100.000 438.647 191.177
100.000 370.784 194.656
100.000 547.136 191.703
100.000 78.294 189.504
100.000 50.418 174.907
100.000 421.205 161.658
100.000 263.449 191.788
100.000 540.724 175.816
100.000 238.268 182.798
100.000 574.590 178.253
100.000 445.603 179.041
100.000 505.264 179.123
100.000 268.474 178.319
100.000 385.032 171.860
100.000 18.490 578.017
100.000 192.620 158.640
100.000 313.055 161.537
100.000 242.692 158.987
100.000 132.082 172.536
100.000 218.886 151.912
100.000 93.470 161.061
100.000 303.455 139.335
100.000 328.444 162.606
100.000 563.124 138.594
100.000 155.433 137.991
100.000 598.542 121.657
100.000 497.994 129.073
100.000 299.768 126.214
100.000 296.003 120.533
100.000 272.483 118.339
100.000 257.190 112.894
100.000 151.832 105.595
100.000 162.371 152.716
100.000 519.565 98.237
100.000 465.985 87.772
100.000 27.907 93.518
100.000 218.612 89.788
100.000 275.614 85.897
100.000 83.374 85.753
100.000 190.622 84.392
100.000 589.790 78.877
100.000 443.690 79.907
100.000 380.866 69.902
100.000 256.209 75.687
100.000 29.595 75.096
100.000 94.380 65.336
100.000 93.032 51.890
100.000 369.766 587.302
100.000 549.180 60.712
100.000 512.495 59.398
100.000 364.544 582.584
100.000 427.039 46.098
100.000 271.840 581.447
100.000 222.434 583.049
100.000 114.138 580.287
100.000 275.553 574.333
100.000 563.973 567.320
100.000 288.435 569.731
100.000 481.430 552.321
100.000 22.898 559.989
100.000 7.095 30.092
100.000 466.956 25.909
100.000 521.524 559.907
100.000 136.110 556.010
100.000 269.442 31.556
100.000 439.033 551.999
100.000 111.349 552.694
100.000 479.886 533.948
100.000 296.521 559.532
100.000 186.529 562.369
