100.000 561.591 13.766
100.000 318.659 6.168
100.000 31.501 566.092
100.000 22.103 562.055
100.000 430.225 564.570
100.000 497.316 528.665
100.000 562.711 519.365
100.000 271.811 518.616
100.000 595.210 497.445
100.000 165.774 496.504
100.000 279.262 489.596
100.000 115.931 478.664
100.000 100.615 470.918
100.000 345.752 465.700
100.000 227.706 464.712
100.000 75.865 453.758
100.000 124.240 449.392
100.000 398.510 446.490
100.000 78.057 398.084
100.000 14.924 378.669
100.000 372.244 376.288
100.000 521.858 350.337
100.000 514.730 316.196
100.000 260.790 289.420
100.000 32.936 253.916
100.000 203.733 248.087
100.000 335.515 250.907
100.000 474.900 231.405
100.000 111.942 204.947
100.000 549.699 191.233
100.000 447.439 180.288
100.000 462.197 135.215
100.000 447.303 139.701
100.000 240.750 116.446
100.000 471.300 117.570
100.000 105.954 63.810
100.000 560.033 55.247
100.000 506.778 47.608
100.000 62.123 590.969
