100.000 79.564 33.042
100.000 374.572 24.314
100.000 319.313 11.888
100.000 45.664 6.897
100.000 582.807 2.579
100.000 276.402 580.662
100.000 124.984 594.578
100.000 230.014 568.943
100.000 320.887 549.383
100.000 537.125 541.129
100.000 193.868 541.751
100.000 431.966 531.698
100.000 48.983 527.554
100.000 557.098 507.710
100.000 21.553 503.716
100.000 17.831 484.040
100.000 277.702 483.004
100.000 257.757 480.528
100.000 120.647 481.948
100.000 144.565 470.282
100.000 351.927 467.101
100.000 447.185 445.483
100.000 516.046 432.353
100.000 59.466 429.696
100.000 327.415 419.443
100.000 305.673 418.057
100.000 136.005 405.962
100.000 77.941 399.609
100.000 92.066 376.287
100.000 196.477 366.074
100.000 462.420 359.546
100.000 6.567 350.708
100.000 121.855 350.139
100.000 320.330 333.847
100.000 266.429 338.663
100.000 36.006 325.156
100.000 526.084 326.717
100.000 383.342 307.579
100.000 334.222 296.463
100.000 282.207 294.440
100.000 120.883 289.223
100.000 72.378 283.823
100.000 303.583 277.108
100.000 117.418 272.451
100.000 258.968 265.575
100.000 261.707 255.309
100.000 389.026 240.222
100.000 320.711 239.755
100.000 281.931 233.144
100.000 445.202 225.592
100.000 421.563 223.003
100.000 554.336 222.752
100.000 583.426 200.101
100.000 547.854 199.677
100.000 414.019 201.192
100.000 407.545 195.680
100.000 199.056 198.471
100.000 210.382 189.996
100.000 378.893 186.993
100.000 400.606 178.673
100.000 224.619 171.026
100.000 140.752 169.928
100.000 2.083 170.340
100.000 562.480 152.920
100.000 238.130 146.839
100.000 239.214 137.786
100.000 235.470 130.616
100.000 501.327 146.517
100.000 486.264 140.268
100.000 56.733 105.510
100.000 447.868 93.089
100.000 404.694 89.457
100.000 93.010 70.567
100.000 484.830 47.991
100.000 238.765 46.806
100.000 29.101 47.089
100.000 210.423 36.465
100.000 18.796 582.716
100.000 564.077 27.293
100.000 230.319 586.220
100.000 499.531 587.360
100.000 172.856 574.049
