100.000 18.946 48.850
100.000 243.229 37.168
100.000 499.709 25.996
100.000 495.250 9.435
100.000 100.916 12.154
100.000 105.333 5.269
100.000 278.131 6.384
100.000 383.379 579.368
100.000 218.555 597.113
100.000 102.728 573.765
100.000 374.954 568.369
100.000 531.794 565.392
100.000 139.001 565.821
100.000 116.895 564.713
100.000 122.588 547.622
100.000 591.141 541.599
100.000 323.191 535.948
100.000 107.876 532.435
100.000 70.880 535.658
100.000 171.557 529.344
100.000 479.692 517.657
100.000 375.616 509.702
100.000 362.357 508.828
100.000 64.232 508.567
100.000 143.053 505.119
100.000 584.279 501.761
100.000 568.291 496.740
100.000 238.926 500.301
100.000 325.036 491.033
100.000 564.429 480.277
100.000 567.362 465.233
100.000 148.789 485.969
100.000 84.862 475.929
100.000 494.260 474.502
100.000 444.850 476.414
100.000 584.187 469.336
100.000 215.346 463.793
100.000 224.198 455.711
100.000 449.678 446.679
100.000 318.192 450.216
100.000 38.676 448.627
100.000 460.228 437.587
100.000 129.949 435.608
100.000 1.919 430.775
100.000 361.088 433.901
100.000 342.305 428.303
100.000 293.728 426.882
100.000 560.154 427.195
100.000 165.419 426.385
100.000 422.437 418.816
100.000 26.881 418.941
100.000 107.391 416.621
100.000 96.275 416.871
100.000 197.087 410.474
100.000 572.168 405.207
100.000 437.830 390.849
100.000 474.601 412.012
100.000 252.679 389.172
100.000 534.339 371.942
100.000 515.344 370.155
100.000 327.925 368.619
100.000 279.159 361.200
100.000 222.687 355.549
100.000 122.613 373.300
100.000 306.327 354.928
100.000 325.677 339.269
100.000 240.760 336.476
100.000 130.278 336.842
100.000 535.263 335.715
100.000 161.790 317.991
100.000 60.870 314.658
100.000 478.406 310.076
100.000 261.156 298.467
100.000 113.487 296.847
100.000 209.804 303.818
100.000 446.050 291.015
100.000 92.839 286.800
100.000 401.677 280.479
100.000 201.050 277.865
100.000 115.391 271.605
100.000 98.317 256.215
100.000 56.766 254.297
100.000 570.346 253.438
100.000 124.058 238.646
100.000 100.657 240.020
100.000 411.393 226.753
100.000 372.076 223.006
100.000 584.647 218.926
100.000 336.142 217.921
100.000 273.553 217.181
100.000 310.284 201.140
100.000 219.317 199.928
100.000 28.372 199.344
100.000 247.862 245.886
100.000 598.754 191.166
100.000 594.153 184.182
100.000 459.558 183.438
100.000 136.684 176.554
100.000 194.340 171.723
100.000 309.035 159.280
100.000 476.078 156.613
100.000 334.707 142.958
100.000 50.224 144.257
100.000 11.573 141.305
100.000 181.835 139.941
100.000 536.188 141.174
100.000 66.801 133.606
100.000 598.477 130.997
100.000 304.826 149.105
100.000 185.775 120.701
100.000 74.032 113.888
100.000 284.026 108.635
100.000 371.776 102.185
100.000 64.389 99.696
100.000 318.751 92.546
100.000 548.968 89.759
100.000 128.844 86.415
100.000 341.116 83.964
100.000 313.562 72.542
100.000 561.579 68.413
100.000 140.186 66.150
100.000 452.160 61.671
100.000 239.167 58.886
100.000 335.005 51.322
100.000 145.179 50.237
100.000 469.618 596.192
100.000 253.937 592.878
100.000 579.684 593.390
100.000 183.734 25.787
100.000 222.436 41.569
100.000 305.454 589.354
100.000 231.913 585.241
100.000 158.968 579.637
