100.000 575.016 49.600
100.000 239.714 43.336
100.000 81.194 10.489
100.000 99.902 22.320
100.000 99.374 5.102
100.000 252.001 12.755
100.000 555.173 12.170
100.000 143.121 15.778
100.000 285.050 7.609
100.000 443.310 20.900
100.000 574.962 4.274
100.000 494.414 19.248
100.000 484.203 4.604
100.000 132.924 543.037
100.000 485.612 588.605
100.000 470.052 567.094
100.000 460.988 554.609
100.000 51.188 532.197
100.000 452.992 543.372
100.000 488.277 533.861
100.000 444.439 531.043
100.000 248.604 533.728
100.000 84.779 527.709
100.000 15.805 529.039
100.000 558.353 524.061
100.000 161.234 519.842
100.000 484.790 513.950
100.000 429.956 509.478
100.000 548.392 515.307
100.000 7.822 514.903
100.000 570.738 512.752
100.000 326.843 493.422
100.000 142.873 502.513
100.000 65.366 500.743
100.000 511.446 498.195
100.000 402.792 478.179
100.000 110.850 497.538
100.000 531.510 495.879
100.000 96.289 493.955
100.000 579.403 484.796
100.000 222.823 486.642
100.000 430.870 482.457
100.000 557.827 472.925
100.000 556.111 455.049
100.000 289.323 477.982
100.000 444.498 466.322
100.000 511.620 474.260
100.000 241.012 471.325
100.000 47.806 467.821
100.000 201.931 471.352
100.000 574.527 456.983
100.000 196.680 489.326
100.000 355.695 447.860
100.000 13.243 456.542
100.000 265.968 455.956
100.000 111.206 452.537
100.000 41.819 447.328
100.000 545.780 443.244
100.000 582.213 443.064
100.000 447.139 430.223
100.000 455.561 416.734
100.000 456.518 406.672
100.000 382.997 439.258
100.000 219.727 454.188
100.000 22.434 437.291
100.000 496.887 428.878
100.000 479.016 420.444
100.000 332.794 439.782
100.000 81.388 426.427
100.000 281.853 417.786
100.000 412.675 418.670
100.000 371.101 407.924
100.000 363.799 422.525
100.000 365.544 414.735
100.000 340.473 418.365
100.000 406.747 400.372
100.000 394.954 408.157
100.000 192.271 407.057
100.000 122.403 398.678
100.000 332.329 388.449
100.000 347.454 385.422
100.000 350.407 365.350
100.000 261.376 383.978
100.000 97.047 385.161
100.000 282.241 382.298
100.000 281.616 368.928
100.000 291.650 368.809
100.000 286.654 365.625
100.000 417.998 366.230
100.000 511.564 365.245
100.000 302.935 360.119
100.000 63.663 364.041
100.000 518.888 360.283
100.000 120.117 349.643
100.000 12.980 359.964
100.000 587.438 356.773
100.000 247.215 351.424
100.000 207.630 354.400
100.000 335.083 349.111
100.000 418.406 389.952
100.000 480.481 345.494
100.000 290.044 344.736
100.000 40.862 345.778
100.000 72.301 333.244
100.000 232.854 335.623
100.000 145.608 323.760
100.000 162.791 323.308
100.000 414.538 381.695
100.000 301.356 319.489
100.000 177.021 325.491
100.000 538.541 318.341
100.000 184.701 305.150
100.000 18.662 304.134
100.000 28.118 302.127
100.000 36.819 301.381
100.000 155.443 297.391
100.000 567.978 299.341
100.000 66.856 295.259
100.000 435.766 294.649
100.000 110.782 294.851
100.000 93.065 294.510
100.000 79.456 293.146
100.000 360.579 291.050
100.000 41.288 276.319
100.000 44.490 286.289
100.000 33.223 255.769
100.000 168.596 286.246
100.000 7.052 285.776
100.000 190.800 285.398
100.000 231.601 281.572
100.000 160.207 282.309
100.000 27.962 279.596
100.000 18.556 274.654
100.000 285.587 280.235
100.000 266.108 278.170
100.000 126.581 276.789
100.000 94.846 263.664
100.000 478.329 269.830
100.000 60.205 291.527
100.000 118.690 262.349
100.000 441.750 259.619
100.000 401.227 257.950
100.000 526.959 256.665
100.000 53.886 256.792
100.000 596.514 248.354
100.000 589.265 240.925
100.000 582.461 246.725
100.000 535.843 248.436
100.000 342.585 286.441
100.000 362.954 243.285
100.000 483.979 237.346
100.000 6.059 239.042
100.000 313.500 262.553
100.000 565.845 236.774
100.000 267.854 230.567
100.000 396.533 240.808
100.000 183.760 216.730
100.000 348.147 218.285
100.000 22.624 217.617
100.000 319.293 216.765
100.000 321.653 209.068
100.000 548.193 214.561
100.000 596.715 204.800
100.000 345.488 197.850
100.000 391.548 196.763
100.000 473.677 192.687
100.000 467.962 188.191
100.000 297.912 190.571
100.000 222.424 184.547
100.000 4.351 185.717
100.000 475.699 175.970
100.000 250.873 178.871
100.000 19.209 212.720
100.000 432.778 177.425
100.000 515.111 171.046
100.000 285.141 173.238
100.000 332.163 171.463
100.000 501.358 160.269
100.000 477.571 183.667
100.000 469.237 154.963
100.000 368.317 141.012
100.000 326.937 143.732
100.000 307.141 142.949
100.000 547.162 133.082
100.000 4.670 130.760
100.000 85.136 133.202
100.000 357.864 143.425
100.000 421.848 121.707
100.000 229.544 120.910
100.000 440.563 118.048
100.000 305.999 116.754
100.000 371.267 111.918
100.000 123.594 105.889
100.000 318.285 107.928
100.000 389.657 103.486
100.000 88.350 97.841
100.000 94.742 88.192
100.000 468.253 103.735
100.000 190.207 102.482
100.000 375.061 97.083
100.000 315.958 97.901
100.000 305.304 95.437
100.000 388.613 91.237
100.000 447.928 90.048
100.000 363.030 83.733
100.000 253.240 85.956
100.000 228.601 88.046
100.000 505.021 81.927
100.000 182.119 79.234
100.000 67.307 74.200
100.000 434.607 68.778
100.000 93.176 590.366
100.000 26.593 61.360
100.000 279.101 57.304
100.000 185.567 576.991
100.000 403.478 49.524
100.000 219.104 50.166
100.000 555.626 46.969
100.000 207.184 67.375
100.000 497.204 42.337
100.000 139.365 43.625
100.000 106.201 42.974
100.000 117.835 39.405
100.000 395.734 39.974
100.000 358.029 38.330
100.000 68.902 37.021
100.000 206.504 34.042
100.000 10.393 29.858
100.000 173.925 585.749
100.000 228.717 575.135
100.000 26.674 576.065
100.000 39.019 567.816
100.000 7.253 585.950
100.000 514.820 562.892
100.000 35.026 551.946
100.000 332.274 539.810
100.000 335.750 528.155
100.000 338.591 519.424
