100.000 592.255 23.972
100.000 578.684 20.249
100.000 354.393 18.541
100.000 440.159 8.372
100.000 550.713 1.659
100.000 384.745 562.193
100.000 121.878 556.991
100.000 50.809 558.879
100.000 224.969 543.105
100.000 230.492 545.299
100.000 597.935 546.859
100.000 434.169 538.253
100.000 195.205 532.636
100.000 162.355 524.285
100.000 280.433 517.736
100.000 131.980 519.655
100.000 292.402 507.545
100.000 55.753 495.190
100.000 124.582 475.028
100.000 140.945 469.787
100.000 21.785 461.514
100.000 430.727 451.798
100.000 507.803 452.330
100.000 45.308 446.074
100.000 18.727 443.329
100.000 195.369 440.680
100.000 158.219 418.754
100.000 268.293 419.691
100.000 285.714 408.583
100.000 546.110 401.681
100.000 122.686 398.251
100.000 224.126 386.511
100.000 455.418 391.287
100.000 362.523 385.810
100.000 201.049 375.699
100.000 21.202 371.269
100.000 166.300 363.414
100.000 40.712 363.585
100.000 318.562 360.213
100.000 515.682 358.262
100.000 552.681 348.587
100.000 6.127 345.011
100.000 109.864 339.539
100.000 206.945 338.366
100.000 552.293 336.194
100.000 276.159 336.590
100.000 362.723 335.940
100.000 9.500 334.867
100.000 73.716 327.130
100.000 380.584 324.759
100.000 261.488 320.992
100.000 465.792 322.507
100.000 188.446 317.868
100.000 363.853 314.033
100.000 137.907 311.342
100.000 401.577 294.408
100.000 301.914 295.156
100.000 84.973 290.838
100.000 178.365 286.320
100.000 150.780 284.189
100.000 428.391 283.322
100.000 268.987 279.880
100.000 506.123 272.920
100.000 116.576 276.255
100.000 312.244 266.375
100.000 312.482 262.219
100.000 364.904 264.626
100.000 213.828 252.090
100.000 240.694 249.499
100.000 399.794 241.279
100.000 402.940 235.569
100.000 2.970 252.572
100.000 185.021 235.189
100.000 378.756 229.203
100.000 9.813 223.211
100.000 103.500 217.782
100.000 227.496 214.439
100.000 508.054 209.393
100.000 530.309 188.975
100.000 433.200 190.327
100.000 577.005 187.308
100.000 134.821 179.640
100.000 570.072 178.831
100.000 380.316 179.397
100.000 60.910 188.840
100.000 520.462 154.827
100.000 213.412 153.808
100.000 264.021 151.913
100.000 306.752 158.060
100.000 81.382 150.012
100.000 472.325 143.941
100.000 419.514 127.819
100.000 37.838 119.611
100.000 387.603 115.418
100.000 548.602 108.152
100.000 268.253 87.921
100.000 214.883 95.953
100.000 105.335 90.386
100.000 493.019 83.987
100.000 473.415 83.864
100.000 448.132 74.395
100.000 58.057 68.555
100.000 170.354 68.448
100.000 407.561 61.037
100.000 110.696 43.058
100.000 103.511 38.563
100.000 233.312 41.871
100.000 198.638 31.921
100.000 227.621 590.825
100.000 211.385 591.540
100.000 468.357 23.431
100.000 435.536 587.761
100.000 180.752 16.280
100.000 89.802 571.507
