100.000 49.634 168.535
100.000 36.232 242.048
100.000 351.310 40.850
100.000 88.041 36.566
100.000 4.648 19.300
100.000 149.737 22.323
100.000 373.964 18.851
100.000 455.308 14.466
100.000 121.928 15.188
100.000 96.276 12.085
100.000 416.576 14.443
100.000 314.071 10.573
100.000 544.502 9.073
100.000 591.859 11.294
100.000 355.071 8.581
100.000 112.099 5.275
100.000 557.809 3.717
100.000 60.586 16.232
100.000 243.345 3.947
100.000 10.168 5.212
100.000 426.747 3.564
100.000 131.341 2.513
100.000 149.616 533.367
100.000 202.295 596.332
100.000 136.868 589.994
100.000 515.452 524.219
100.000 368.298 527.086
100.000 192.960 525.595
100.000 527.846 520.636
100.000 310.480 519.978
100.000 69.966 510.587
100.000 154.071 520.421
100.000 353.381 514.015
100.000 173.101 512.856
100.000 26.789 510.450
100.000 255.607 498.890
100.000 326.740 498.681
100.000 580.421 499.142
100.000 419.294 496.303
100.000 516.379 485.233
100.000 369.701 480.917
100.000 165.265 476.792
100.000 542.646 475.385
100.000 10.975 483.875
100.000 214.903 462.484
100.000 385.459 463.983
100.000 364.776 466.663
100.000 102.136 466.623
100.000 66.069 464.692
100.000 561.259 462.224
100.000 192.635 459.844
100.000 582.787 443.940
100.000 201.111 454.778
100.000 595.362 451.241
100.000 550.006 446.873
100.000 475.940 443.536
100.000 288.708 445.229
100.000 245.242 445.415
100.000 210.452 436.906
100.000 455.727 439.813
100.000 80.234 422.395
100.000 8.690 432.692
100.000 407.430 428.618
100.000 165.040 427.083
100.000 505.731 423.022
100.000 565.745 420.255
100.000 36.363 410.407
100.000 407.335 403.649
100.000 201.167 411.050
100.000 442.083 401.581
100.000 537.139 404.313
100.000 577.559 398.231
100.000 351.641 396.739
100.000 364.740 390.878
100.000 196.198 396.879
100.000 556.649 388.160
100.000 550.722 386.199
100.000 576.250 386.546
100.000 586.154 386.667
100.000 317.653 383.063
100.000 510.354 392.426
100.000 255.762 378.791
100.000 264.799 366.886
100.000 241.931 378.323
100.000 160.126 357.412
100.000 210.174 339.193
100.000 358.314 329.109
100.000 106.024 329.431
100.000 546.147 326.031
100.000 465.516 321.716
100.000 336.981 320.037
100.000 340.793 317.605
100.000 7.872 316.949
100.000 502.029 307.088
100.000 453.211 317.521
100.000 544.347 347.243
100.000 127.629 313.441
100.000 591.343 308.930
100.000 431.777 310.622
100.000 185.106 308.773
100.000 509.118 347.373
100.000 193.978 302.888
100.000 406.011 343.443
100.000 66.373 135.652
100.000 50.651 202.388
100.000 42.143 340.116
100.000 459.244 315.142
100.000 335.469 298.808
100.000 413.197 294.090
100.000 411.485 288.534
100.000 128.235 278.839
100.000 138.111 276.916
100.000 144.988 263.337
100.000 149.219 250.297
100.000 67.698 285.867
100.000 200.678 272.099
100.000 312.540 267.099
100.000 536.364 270.146
100.000 366.355 254.671
100.000 586.328 253.628
100.000 203.865 246.533
100.000 478.606 244.013
100.000 111.635 223.193
100.000 93.907 225.468
100.000 117.219 238.864
100.000 105.082 233.975
100.000 77.092 240.556
100.000 86.603 272.492
100.000 254.066 237.393
100.000 10.317 350.008
100.000 186.077 227.881
100.000 292.371 234.808
100.000 569.633 230.368
100.000 439.408 227.774
100.000 342.767 229.906
100.000 70.156 224.721
100.000 3.437 224.352
100.000 160.273 218.783
100.000 81.421 219.048
100.000 54.852 261.503
100.000 337.145 212.184
100.000 271.479 207.618
100.000 218.872 195.693
100.000 200.684 197.972
100.000 479.328 194.318
100.000 142.110 184.893
100.000 394.040 186.526
100.000 515.819 181.392
100.000 259.894 187.160
100.000 400.779 179.779
100.000 360.250 180.296
100.000 557.479 175.482
100.000 243.535 176.817
100.000 188.784 170.479
100.000 436.407 187.477
100.000 409.142 167.633
100.000 592.256 167.027
100.000 179.808 173.740
100.000 110.527 169.291
100.000 450.214 167.898
100.000 431.369 165.174
100.000 287.861 166.577
100.000 202.551 164.001
100.000 169.501 160.973
100.000 359.923 160.807
100.000 517.488 157.557
100.000 232.495 157.239
100.000 358.890 592.134
100.000 187.476 152.195
100.000 389.406 152.512
100.000 328.070 149.377
100.000 457.156 151.544
100.000 532.883 148.447
100.000 483.656 145.311
100.000 362.339 144.735
100.000 377.937 142.045
100.000 381.200 131.965
100.000 459.448 143.131
100.000 365.353 584.944
100.000 92.440 135.545
100.000 107.469 132.843
100.000 163.471 125.620
100.000 127.910 128.703
100.000 142.209 125.406
100.000 190.256 120.207
100.000 256.591 130.202
100.000 363.765 115.042
100.000 32.328 118.514
100.000 481.783 110.490
100.000 576.968 97.102
100.000 76.531 102.948
100.000 1.944 99.818
100.000 21.514 284.561
100.000 196.779 94.325
100.000 154.363 91.248
100.000 432.655 87.619
100.000 228.440 85.573
100.000 145.671 73.880
100.000 124.231 68.418
100.000 454.306 69.857
100.000 341.913 64.290
100.000 213.045 68.050
100.000 40.027 65.958
100.000 277.201 65.031
100.000 81.055 55.293
100.000 179.530 57.699
100.000 403.460 62.982
100.000 493.631 578.447
100.000 108.988 39.145
100.000 568.929 583.159
100.000 131.534 37.139
100.000 216.640 37.864
100.000 244.903 31.105
100.000 232.559 29.497
100.000 218.832 25.006
100.000 308.248 582.224
100.000 111.438 574.178
100.000 237.713 573.220
100.000 171.449 570.172
100.000 74.249 568.822
100.000 70.283 558.418
100.000 450.584 564.689
100.000 355.722 567.151
100.000 375.845 573.625
100.000 82.185 561.917
100.000 258.177 558.165
100.000 596.645 548.060
100.000 557.475 545.558
100.000 553.989 537.573
100.000 172.620 545.475
100.000 19.366 544.934
100.000 404.898 544.491
