100.000 342.923 37.420
100.000 53.778 31.850
100.000 548.105 24.102
100.000 258.732 10.281
100.000 68.512 537.073
100.000 413.567 597.430
100.000 309.735 513.844
100.000 582.415 516.181
100.000 273.170 501.289
100.000 348.190 497.332
100.000 305.223 476.861
100.000 292.572 463.282
100.000 279.363 451.904
100.000 270.529 445.014
100.000 409.674 456.661
100.000 203.374 442.684
100.000 252.175 436.111
100.000 378.797 429.952
100.000 361.255 416.262
100.000 39.886 405.625
100.000 339.414 404.655
100.000 390.606 392.774
100.000 247.108 376.005
100.000 578.149 363.486
100.000 151.478 356.580
100.000 472.509 340.325
100.000 221.645 300.167
100.000 12.757 292.084
100.000 423.417 279.447
100.000 105.665 273.683
100.000 478.620 259.813
100.000 337.027 251.158
100.000 554.221 221.508
100.000 477.826 220.886
100.000 368.087 208.801
100.000 576.671 201.110
100.000 288.644 190.540
100.000 77.803 197.545
100.000 154.639 186.145
100.000 516.953 188.499
100.000 356.738 164.142
100.000 273.254 155.671
100.000 558.529 156.517
100.000 30.214 147.129
100.000 16.838 144.092
100.000 527.448 128.329
100.000 505.381 132.105
100.000 431.313 135.400
100.000 241.446 133.323
100.000 306.894 125.015
100.000 417.425 118.716
100.000 243.590 119.270
100.000 433.037 106.530
100.000 236.733 105.249
100.000 309.593 100.490
100.000 573.505 89.255
100.000 47.542 67.302
100.000 227.337 57.353
100.000 475.286 62.142
100.000 523.651 50.795
100.000 96.165 46.751
100.000 379.829 44.272
100.000 537.391 44.414
100.000 203.953 43.765
100.000 475.328 40.742
100.000 240.431 580.124
100.000 268.962 34.853
100.000 557.705 577.617
100.000 431.246 33.863
100.000 32.441 571.535
