100.000 275.318 52.569
100.000 346.120 21.711
100.000 404.598 3.463
100.000 94.252 5.711
100.000 151.309 3.991
100.000 308.862 560.837
100.000 171.518 555.842
100.000 25.653 560.274
100.000 599.046 553.959
100.000 524.698 549.070
100.000 62.253 549.430
100.000 25.031 521.324
100.000 426.874 500.922
100.000 10.233 502.070
100.000 470.974 487.762
100.000 8.860 486.769
100.000 556.002 464.591
100.000 531.908 466.421
100.000 51.101 460.944
100.000 262.749 456.684
100.000 34.173 445.137
100.000 81.757 435.594
100.000 204.686 431.970
100.000 140.383 418.809
100.000 53.645 408.784
100.000 556.863 407.433
100.000 409.447 396.747
100.000 199.775 390.526
100.000 481.369 387.748
100.000 378.920 384.545
100.000 397.778 381.258
100.000 588.991 334.191
100.000 4.621 359.345
100.000 88.034 371.180
100.000 412.815 350.818
100.000 170.484 340.330
100.000 115.577 342.959
100.000 480.869 325.390
100.000 419.163 286.340
100.000 50.345 273.733
100.000 471.383 272.319
100.000 527.062 264.365
100.000 573.701 265.137
100.000 165.726 261.880
100.000 242.592 251.165
100.000 316.209 229.414
100.000 3.963 226.755
100.000 359.313 203.160
100.000 441.994 192.096
100.000 577.632 192.210
100.000 155.201 186.050
100.000 129.591 185.807
100.000 215.833 186.454
100.000 435.456 166.703
100.000 21.309 138.510
100.000 152.088 140.218
100.000 433.197 119.305
100.000 466.869 98.678
100.000 270.190 592.595
100.000 235.895 59.530
100.000 521.938 55.547
100.000 558.361 48.003
100.000 188.423 45.325
100.000 321.812 38.111
100.000 48.404 580.164
100.000 468.500 564.987
100.000 318.665 578.190
