100.000 252.720 13.812
100.000 491.337 5.977
100.000 60.212 2.777
100.000 427.437 569.754
100.000 102.960 598.418
100.000 295.307 556.791
100.000 260.157 562.295
100.000 437.540 552.730
100.000 512.888 535.272
100.000 403.339 531.132
100.000 79.805 529.515
100.000 289.917 504.136
100.000 275.281 504.464
100.000 392.819 501.630
100.000 280.609 488.328
100.000 311.772 480.478
100.000 278.709 473.549
100.000 182.664 468.034
100.000 470.321 466.907
100.000 559.447 442.564
100.000 298.082 400.986
100.000 244.176 396.276
100.000 215.822 386.458
100.000 291.359 375.017
100.000 416.892 380.940
100.000 5.437 375.455
100.000 299.181 356.000
100.000 4.324 338.132
100.000 376.825 318.973
100.000 521.595 284.358
100.000 507.299 273.065
100.000 421.529 270.305
100.000 270.339 259.338
100.000 111.722 236.606
100.000 364.943 237.933
100.000 239.372 229.759
100.000 318.095 222.702
100.000 128.556 225.395
100.000 482.004 214.633
100.000 178.441 202.028
100.000 69.430 207.992
100.000 144.542 204.043
100.000 281.715 198.804
100.000 362.615 186.561
100.000 460.894 188.692
100.000 371.579 169.478
100.000 393.234 158.569
100.000 114.228 157.663
100.000 476.574 146.437
100.000 91.335 127.523
100.000 454.030 109.479
100.000 19.586 96.671
100.000 174.798 95.933
100.000 429.094 78.171
100.000 83.057 69.472
100.000 63.013 74.343
100.000 90.309 67.864
100.000 11.313 64.091
100.000 250.188 60.198
100.000 419.277 54.154
100.000 553.777 49.647
100.000 588.323 47.909
100.000 67.246 43.016
100.000 196.168 33.154
100.000 596.897 35.133
100.000 444.769 32.746
100.000 194.749 587.075
100.000 161.700 588.618
