100.000 264.400 321.327
100.000 422.381 73.297
100.000 70.788 57.009
100.000 98.322 59.067
100.000 77.687 23.248
100.000 478.909 22.212
100.000 374.471 17.010
100.000 26.897 13.461
100.000 418.760 8.055
100.000 388.644 8.108
100.000 288.369 8.701
100.000 321.122 567.640
100.000 544.605 596.727
100.000 311.340 589.434
100.000 24.613 595.908
100.000 109.065 569.917
100.000 316.870 560.266
100.000 496.562 560.368
100.000 334.712 537.575
100.000 131.609 554.699
100.000 92.560 541.241
100.000 495.230 535.005
100.000 227.330 524.250
100.000 355.072 528.045
100.000 438.317 520.581
100.000 525.830 543.160
100.000 160.634 517.305
100.000 433.503 515.880
100.000 436.419 507.793
100.000 243.186 513.489
100.000 595.515 523.488
100.000 596.838 501.642
100.000 286.084 498.455
100.000 416.341 499.055
100.000 557.065 494.498
100.000 194.187 489.219
100.000 62.974 484.806
100.000 278.267 480.837
100.000 326.223 479.681
100.000 148.179 472.318
100.000 143.128 460.505
100.000 568.621 457.147
100.000 303.074 470.205
100.000 66.161 530.106
100.000 90.139 469.629
100.000 124.935 460.099
100.000 125.550 468.379
100.000 554.653 461.626
100.000 103.669 459.550
100.000 328.780 457.093
100.000 36.818 456.618
100.000 129.119 448.128
100.000 533.560 418.455
100.000 553.282 444.203
100.000 540.937 431.730
100.000 518.652 445.077
100.000 584.306 468.418
100.000 588.646 437.888
100.000 324.067 419.328
100.000 246.123 424.721
100.000 293.278 414.137
100.000 377.749 420.184
100.000 3.581 418.447
100.000 585.726 416.188
100.000 212.094 417.003
100.000 91.498 416.180
100.000 480.749 371.345
100.000 490.227 381.930
100.000 520.150 412.448
100.000 510.663 403.349
100.000 472.900 363.616
100.000 456.284 346.016
100.000 411.329 414.415
100.000 357.108 412.475
100.000 368.855 409.669
100.000 539.002 407.990
100.000 239.208 407.314
100.000 384.469 402.940
100.000 589.464 396.529
100.000 306.873 396.073
100.000 299.354 390.870
100.000 114.000 395.888
100.000 550.273 393.843
100.000 249.506 392.030
100.000 242.224 384.418
100.000 507.202 377.607
100.000 297.191 374.137
100.000 298.560 354.888
100.000 326.682 369.798
100.000 417.557 366.236
100.000 158.841 365.243
100.000 60.867 364.990
100.000 96.189 362.935
100.000 340.978 357.584
100.000 532.656 364.511
100.000 3.036 355.216
100.000 47.740 346.257
100.000 39.181 337.832
100.000 61.423 350.524
100.000 465.778 342.731
100.000 498.794 391.418
100.000 585.592 338.408
100.000 130.641 328.665
100.000 387.853 585.650
100.000 221.077 316.318
100.000 209.063 312.146
100.000 29.069 308.189
100.000 595.220 326.042
100.000 554.133 304.739
100.000 377.764 303.393
100.000 217.662 298.075
100.000 215.064 288.181
100.000 431.737 298.479
100.000 357.416 294.579
100.000 169.958 348.580
100.000 499.048 286.459
100.000 541.905 286.103
100.000 420.439 284.074
100.000 330.825 283.700
100.000 482.192 277.175
100.000 55.662 276.524
100.000 558.505 274.480
100.000 20.602 272.633
100.000 20.258 266.006
100.000 389.253 268.615
100.000 3.939 267.582
100.000 263.467 263.151
100.000 144.690 283.313
100.000 457.983 259.831
100.000 237.887 260.022
100.000 249.747 256.873
100.000 426.247 253.773
100.000 46.883 249.867
100.000 516.292 251.679
100.000 479.769 240.447
100.000 429.387 346.592
100.000 245.876 238.986
100.000 597.674 230.563
100.000 532.894 244.035
100.000 492.119 233.719
100.000 277.880 232.416
100.000 9.560 220.374
100.000 159.761 248.560
100.000 284.615 221.206
100.000 231.560 209.386
100.000 275.433 208.685
100.000 329.311 207.547
100.000 215.951 203.986
100.000 54.692 198.130
100.000 562.270 189.843
100.000 247.274 193.658
100.000 250.934 178.963
100.000 236.762 174.566
100.000 17.397 193.323
100.000 518.223 180.444
100.000 414.775 176.673
100.000 2.619 177.586
100.000 363.842 175.957
100.000 350.274 172.960
100.000 394.801 166.914
100.000 525.900 163.539
100.000 480.695 163.699
100.000 511.360 165.398
100.000 124.130 162.989
100.000 53.846 159.708
100.000 30.101 157.374
100.000 111.604 151.478
100.000 313.642 150.214
100.000 159.745 152.067
100.000 282.163 149.225
100.000 227.081 146.463
100.000 245.044 147.401
100.000 270.441 148.639
100.000 12.877 148.668
100.000 201.700 145.469
100.000 538.717 146.208
100.000 162.879 142.433
100.000 8.543 132.089
100.000 54.146 135.698
100.000 42.874 134.960
100.000 144.422 142.817
100.000 591.706 143.509
100.000 174.594 143.802
100.000 436.396 142.102
100.000 110.944 139.105
100.000 481.335 130.451
100.000 334.928 139.005
100.000 87.634 138.075
100.000 29.651 134.065
100.000 345.420 134.284
100.000 274.257 131.693
100.000 289.074 127.395
100.000 338.717 118.384
100.000 173.217 112.460
100.000 328.348 121.358
100.000 339.886 111.165
100.000 138.161 106.710
100.000 410.265 100.344
100.000 112.123 106.488
100.000 102.851 98.413
100.000 309.814 105.754
100.000 67.460 116.382
100.000 126.046 101.195
100.000 384.750 99.081
100.000 541.291 97.514
100.000 323.883 85.668
100.000 588.255 91.346
100.000 592.303 95.293
100.000 562.744 91.605
100.000 250.171 95.458
100.000 492.354 95.871
100.000 421.036 89.892
100.000 433.141 93.409
100.000 354.129 91.338
100.000 193.758 93.426
100.000 270.815 90.905
100.000 331.135 87.925
100.000 218.326 80.361
100.000 587.225 83.550
100.000 191.569 81.478
100.000 269.061 75.785
100.000 11.063 590.312
100.000 589.774 588.627
100.000 391.518 55.544
100.000 576.464 584.133
100.000 596.016 42.053
100.000 295.026 39.691
100.000 265.195 34.171
100.000 322.793 33.298
100.000 308.147 32.273
100.000 562.605 31.120
100.000 236.642 579.091
100.000 437.189 582.394
100.000 188.951 580.237
100.000 92.408 574.276
100.000 42.079 559.757
100.000 435.144 567.632
