100.000 33.163 18.259
100.000 282.582 4.203
100.000 103.921 565.972
100.000 500.469 559.702
100.000 532.911 553.069
100.000 166.674 549.066
100.000 14.808 547.475
100.000 506.930 534.353
100.000 507.924 499.450
100.000 87.729 497.959
100.000 396.631 475.649
100.000 326.742 440.126
100.000 118.741 436.080
100.000 223.359 417.420
100.000 207.830 420.423
100.000 293.873 419.635
100.000 111.144 413.981
100.000 205.838 387.820
100.000 201.847 385.166
100.000 11.172 385.497
100.000 149.734 369.372
100.000 323.340 346.152
100.000 63.020 325.017
100.000 65.728 308.810
100.000 514.610 306.557
100.000 232.544 302.490
100.000 562.711 285.775
100.000 58.949 274.626
100.000 388.792 264.696
100.000 214.148 260.644
100.000 149.909 256.694
100.000 97.669 273.046
100.000 466.140 249.603
100.000 300.139 224.378
100.000 23.655 200.070
100.000 256.934 196.539
100.000 41.715 183.064
100.000 194.488 181.931
100.000 12.078 166.648
100.000 477.644 163.356
100.000 241.260 160.006
100.000 251.960 135.166
100.000 557.288 114.559
100.000 189.988 99.933
100.000 595.339 83.196
100.000 532.961 65.246
100.000 385.379 58.849
100.000 484.311 53.374
100.000 528.669 41.500
100.000 274.228 575.442
