100.000 150.335 19.327
100.000 463.598 17.794
100.000 279.886 15.451
100.000 331.261 15.966
100.000 107.359 526.520
100.000 41.329 522.791
100.000 325.879 516.741
100.000 565.482 509.393
100.000 512.738 437.311
100.000 133.364 473.204
100.000 226.826 473.111
100.000 37.612 469.320
100.000 551.031 457.531
100.000 545.067 452.557
100.000 322.827 448.166
100.000 380.493 442.906
100.000 573.032 435.832
100.000 413.025 472.642
100.000 402.889 432.371
100.000 513.363 481.107
100.000 482.829 454.985
100.000 527.509 413.064
100.000 525.196 403.955
100.000 186.051 355.603
100.000 121.493 348.922
100.000 268.720 337.423
100.000 167.912 317.316
100.000 167.885 296.685
100.000 346.340 289.149
100.000 218.744 278.841
100.000 313.989 282.600
100.000 11.934 272.885
100.000 321.976 236.980
100.000 577.696 224.293
100.000 351.620 192.702
100.000 305.839 195.787
100.000 266.081 188.161
100.000 549.393 184.653
100.000 284.126 169.184
100.000 129.704 171.867
100.000 250.996 170.259
100.000 116.306 168.949
100.000 261.751 154.696
100.000 574.733 121.298
100.000 333.065 121.926
100.000 437.872 109.779
100.000 379.401 109.141
100.000 82.494 90.985
100.000 375.032 61.756
100.000 273.782 50.861
100.000 80.936 51.311
100.000 524.332 34.819
100.000 10.344 587.717
100.000 383.900 527.193
100.000 228.045 527.097
