100.000 91.513 39.129
100.000 37.277 32.107
100.000 413.089 19.466
100.000 461.950 19.738
100.000 62.038 19.674
100.000 549.278 18.902
100.000 20.907 11.501
100.000 119.092 7.918
100.000 324.057 5.850
100.000 394.916 5.241
100.000 360.431 3.406
100.000 89.980 17.172
100.000 379.729 562.176
100.000 484.696 598.272
100.000 424.328 595.760
100.000 19.205 592.674
100.000 82.202 555.759
100.000 63.566 556.377
100.000 97.890 554.974
100.000 284.967 550.620
100.000 578.136 548.588
100.000 419.523 550.771
100.000 523.546 546.214
100.000 115.368 546.155
100.000 408.554 539.282
100.000 143.916 542.350
100.000 23.327 541.324
100.000 267.142 538.864
100.000 201.976 530.013
100.000 589.145 526.729
100.000 40.652 527.338
100.000 490.691 526.613
100.000 397.771 523.811
100.000 300.504 518.486
100.000 448.324 511.926
100.000 509.452 511.340
100.000 332.960 506.202
100.000 99.156 512.142
100.000 349.600 502.223
100.000 29.056 493.502
100.000 473.875 478.621
100.000 209.655 474.236
100.000 136.067 472.956
100.000 276.073 471.021
100.000 487.983 471.881
100.000 183.695 470.629
100.000 332.074 464.048
100.000 37.404 455.958
100.000 72.194 450.285
100.000 283.830 446.362
100.000 52.041 440.383
100.000 581.675 436.346
100.000 197.312 436.767
100.000 526.504 439.512
100.000 442.817 434.032
100.000 332.506 431.821
100.000 461.809 421.018
100.000 238.193 430.263
100.000 17.375 425.337
100.000 283.316 419.556
100.000 179.611 419.272
100.000 483.165 418.585
100.000 562.153 409.551
100.000 14.290 408.679
100.000 53.107 405.468
100.000 48.921 397.400
100.000 525.420 399.107
100.000 309.276 394.082
100.000 455.941 387.141
100.000 243.035 376.612
100.000 466.223 375.635
100.000 35.723 399.367
100.000 361.797 370.312
100.000 458.287 371.707
100.000 46.914 362.198
100.000 253.175 360.862
100.000 591.734 356.549
100.000 382.566 357.297
100.000 551.779 366.314
100.000 393.364 337.977
100.000 482.633 344.742
100.000 153.396 337.230
100.000 29.011 333.517
100.000 185.295 332.055
100.000 542.772 331.113
100.000 298.398 325.497
100.000 495.466 325.420
100.000 337.389 325.061
100.000 122.133 327.240
100.000 16.247 325.200
100.000 238.308 323.919
100.000 54.377 324.870
100.000 351.379 311.976
100.000 457.017 312.396
100.000 87.512 303.816
100.000 264.923 299.680
100.000 260.509 286.338
100.000 539.856 293.161
100.000 382.801 296.044
100.000 397.173 292.967
100.000 180.704 293.270
100.000 568.504 286.696
100.000 510.844 283.680
100.000 453.923 286.407
100.000 477.827 285.074
100.000 322.371 300.312
100.000 543.998 271.698
100.000 549.471 269.886
100.000 295.935 272.777
100.000 257.792 266.222
100.000 530.129 261.927
100.000 355.644 253.587
100.000 409.071 254.094
100.000 57.320 243.573
100.000 334.391 236.290
100.000 169.397 230.332
100.000 284.140 234.040
100.000 208.137 231.913
100.000 538.789 227.233
100.000 292.712 226.948
100.000 99.301 222.023
100.000 488.692 221.290
100.000 401.376 205.786
100.000 563.125 208.434
100.000 331.925 207.241
100.000 223.023 208.240
100.000 122.278 207.004
100.000 523.539 194.714
100.000 329.820 194.378
100.000 36.045 193.836
100.000 419.637 194.149
100.000 269.895 192.876
100.000 201.731 179.728
100.000 570.004 170.722
100.000 151.295 193.719
100.000 110.129 171.772
100.000 375.616 163.354
100.000 3.309 166.198
100.000 435.864 172.524
100.000 409.889 153.973
100.000 262.048 148.581
100.000 440.806 139.798
100.000 98.734 136.662
100.000 388.165 136.772
100.000 549.013 131.733
100.000 477.412 123.129
100.000 224.044 112.794
100.000 555.192 106.153
100.000 196.451 105.441
100.000 31.536 107.425
100.000 391.650 106.021
100.000 528.597 100.166
100.000 5.480 102.737
100.000 128.796 94.579
100.000 71.965 94.367
100.000 462.048 92.233
100.000 227.245 89.886
100.000 5.887 83.510
100.000 141.139 79.876
100.000 99.572 82.921
100.000 173.183 87.435
100.000 23.153 63.585
100.000 558.058 62.190
100.000 7.960 55.083
100.000 258.042 54.658
100.000 337.641 54.252
100.000 467.994 51.514
100.000 303.616 49.890
100.000 180.330 49.006
100.000 392.627 44.999
100.000 116.240 38.562
100.000 507.307 594.907
100.000 188.430 595.084
100.000 354.317 29.610
100.000 378.865 593.871
100.000 214.534 591.146
100.000 126.149 587.031
100.000 317.499 585.678
100.000 360.616 581.704
100.000 274.430 571.150
100.000 244.295 571.800
100.000 101.217 565.810
100.000 475.931 561.181
