100.000 480.991 24.018
100.000 572.989 7.554
100.000 471.538 593.508
100.000 10.998 595.470
100.000 484.663 577.164
100.000 286.384 552.175
100.000 470.134 566.676
100.000 372.127 565.453
100.000 369.534 553.403
100.000 369.946 544.462
100.000 519.382 555.224
100.000 489.630 538.253
100.000 513.116 543.014
100.000 117.568 536.444
100.000 150.844 526.850
100.000 534.259 524.207
100.000 210.045 516.661
100.000 372.208 513.623
100.000 476.767 512.319
100.000 597.574 512.077
100.000 585.787 503.170
100.000 37.531 479.096
100.000 299.402 477.548
100.000 263.346 537.418
100.000 7.497 448.591
100.000 161.547 450.581
100.000 583.222 444.363
100.000 365.994 432.423
100.000 207.601 422.801
100.000 78.658 420.796
100.000 479.756 402.671
100.000 593.000 401.286
100.000 149.694 400.269
100.000 429.425 385.726
100.000 400.016 396.076
100.000 333.176 381.495
100.000 574.873 365.745
100.000 165.773 356.846
100.000 68.907 357.220
100.000 366.694 355.834
100.000 167.161 369.711
100.000 225.367 314.003
100.000 3.442 319.787
100.000 151.462 315.042
100.000 498.556 319.948
100.000 133.349 309.383
100.000 130.025 282.226
100.000 480.171 276.724
100.000 326.798 281.605
100.000 529.695 280.690
100.000 284.954 325.475
100.000 40.233 262.498
100.000 302.938 231.512
100.000 195.832 229.983
100.000 98.361 217.898
100.000 364.962 206.805
100.000 37.897 198.484
100.000 533.812 194.076
100.000 257.247 189.432
100.000 181.119 172.865
100.000 167.706 145.173
100.000 380.353 134.497
100.000 29.735 115.692
100.000 131.953 84.022
100.000 277.974 75.876
100.000 487.216 59.075
100.000 333.443 50.781
100.000 109.168 42.092
100.000 405.130 35.330
100.000 36.826 594.122
100.000 256.225 15.194
