100.000 488.862 68.208
100.000 215.556 19.454
100.000 114.707 9.076
100.000 471.264 485.644
100.000 180.093 594.224
100.000 89.142 598.960
100.000 205.044 394.833
100.000 99.496 380.510
100.000 222.900 356.560
100.000 551.934 350.744
100.000 3.204 343.983
100.000 127.061 278.174
100.000 444.918 270.204
100.000 547.281 246.052
100.000 487.643 198.996
100.000 196.144 196.132
100.000 597.095 192.104
100.000 350.657 179.445
100.000 308.862 151.122
100.000 109.616 152.286
100.000 407.157 103.060
100.000 256.858 98.491
100.000 321.704 89.578
100.000 81.958 553.268
100.000 51.009 63.654
100.000 572.013 493.527
