100.000 368.240 12.149
100.000 368.549 24.307
100.000 598.424 21.853
100.000 52.861 17.674
100.000 48.085 4.312
100.000 540.388 551.853
100.000 515.632 598.345
100.000 125.450 550.002
100.000 468.036 544.664
100.000 242.197 542.778
100.000 34.495 553.468
100.000 443.626 521.129
100.000 574.266 518.789
100.000 250.894 521.001
100.000 469.255 515.139
100.000 265.648 510.863
100.000 557.298 506.835
100.000 370.957 507.354
100.000 567.227 497.822
100.000 323.455 496.028
100.000 139.823 491.053
100.000 371.442 490.710
100.000 215.145 481.297
100.000 312.951 483.786
100.000 514.499 473.701
100.000 15.971 484.949
100.000 454.820 470.730
100.000 440.017 467.535
100.000 140.448 470.168
100.000 587.760 459.121
100.000 237.063 460.045
100.000 43.469 456.535
100.000 376.283 453.289
100.000 332.371 448.774
100.000 370.923 421.426
100.000 370.233 405.585
100.000 245.530 389.991
100.000 382.589 388.358
100.000 11.861 383.588
100.000 392.130 382.819
100.000 123.933 383.413
100.000 369.582 363.527
100.000 58.894 375.749
100.000 315.267 372.835
100.000 139.357 360.705
100.000 388.646 362.471
100.000 213.268 362.537
100.000 123.617 352.384
100.000 222.222 333.624
100.000 525.843 334.328
100.000 262.705 326.130
100.000 377.657 326.693
100.000 557.058 307.140
100.000 534.496 303.213
100.000 52.429 291.372
100.000 87.913 278.691
100.000 77.347 277.522
100.000 370.255 276.389
100.000 178.398 300.856
100.000 212.415 277.206
100.000 281.593 267.358
100.000 242.456 269.072
100.000 156.381 264.047
100.000 106.369 263.568
100.000 84.085 267.423
100.000 302.152 258.792
100.000 405.728 248.793
100.000 17.396 229.101
100.000 309.603 227.612
100.000 369.394 220.426
100.000 401.335 209.805
100.000 60.067 210.636
100.000 188.913 211.738
100.000 369.168 203.316
100.000 455.579 191.417
100.000 310.532 178.192
100.000 368.815 167.178
100.000 584.860 161.990
100.000 528.902 156.348
100.000 141.020 138.131
100.000 36.878 131.991
100.000 465.588 131.215
100.000 310.676 122.715
100.000 555.336 121.481
100.000 367.967 108.948
100.000 413.157 102.380
100.000 155.726 93.190
100.000 497.478 65.972
100.000 30.839 67.335
100.000 368.826 65.327
100.000 236.993 55.741
100.000 138.657 52.856
100.000 61.596 41.591
100.000 246.587 35.440
100.000 555.062 595.994
100.000 112.036 578.112
100.000 60.055 574.790
100.000 371.010 562.273
