100.000 442.223 16.053
100.000 61.008 8.699
100.000 252.226 7.978
100.000 54.404 558.826
100.000 264.146 549.534
100.000 172.251 545.985
100.000 88.251 512.013
100.000 403.308 512.077
100.000 427.266 495.267
100.000 282.974 496.231
100.000 351.432 490.378
100.000 525.954 517.658
100.000 578.308 475.369
100.000 344.255 469.537
100.000 279.562 465.207
100.000 260.710 451.190
100.000 316.490 426.747
100.000 352.326 413.006
100.000 380.580 400.742
100.000 323.618 401.649
100.000 593.489 398.937
100.000 156.669 386.802
100.000 234.358 380.370
100.000 14.269 372.517
100.000 439.006 366.849
100.000 119.972 363.654
100.000 296.460 333.721
100.000 298.369 314.702
100.000 590.863 312.996
100.000 20.409 309.479
100.000 546.193 306.053
100.000 185.981 321.056
100.000 109.951 299.043
100.000 482.372 292.318
100.000 311.132 283.690
100.000 72.260 282.326
100.000 211.320 275.642
100.000 556.632 268.619
100.000 508.232 254.648
100.000 67.259 217.616
100.000 345.119 211.460
100.000 356.606 202.785
100.000 344.033 185.150
100.000 416.289 179.243
100.000 477.879 179.009
100.000 541.602 175.888
100.000 191.442 169.539
100.000 285.602 152.698
100.000 164.024 148.261
100.000 96.639 143.995
100.000 499.387 138.249
100.000 273.038 130.943
100.000 104.277 111.173
100.000 412.555 88.010
100.000 303.491 78.372
100.000 275.279 64.505
100.000 342.406 47.158
100.000 106.156 41.273
100.000 589.680 37.998
100.000 138.680 583.333
100.000 188.806 554.502
