100.000 366.185 44.286
100.000 402.022 15.459
100.000 77.873 17.893
100.000 225.249 17.623
100.000 112.859 5.879
100.000 91.928 5.318
100.000 275.258 579.016
100.000 473.124 576.079
100.000 446.792 571.776
100.000 41.009 564.348
100.000 125.269 555.659
100.000 408.872 552.525
100.000 279.253 545.604
100.000 528.308 544.241
100.000 484.691 538.905
100.000 304.181 537.664
100.000 233.159 533.846
100.000 580.264 522.709
100.000 103.065 521.968
100.000 121.537 513.324
100.000 2.853 506.257
100.000 511.176 504.812
100.000 111.091 504.567
100.000 355.478 501.941
100.000 325.816 498.465
100.000 158.366 489.975
100.000 260.515 490.661
100.000 133.517 485.639
100.000 71.994 483.317
100.000 189.764 467.273
100.000 534.369 468.925
100.000 159.359 466.072
100.000 288.883 452.299
100.000 293.368 441.667
100.000 132.054 457.149
100.000 395.482 456.213
100.000 136.029 445.839
100.000 341.140 441.783
100.000 572.755 427.934
100.000 36.619 421.372
100.000 312.139 407.834
100.000 126.124 415.231
100.000 433.478 417.509
100.000 184.165 414.295
100.000 84.894 414.484
100.000 561.411 409.277
100.000 447.798 406.076
100.000 356.382 391.138
100.000 62.468 389.671
100.000 175.067 382.141
100.000 261.078 384.213
100.000 115.159 383.733
100.000 570.991 382.773
100.000 40.220 377.128
100.000 524.682 373.865
100.000 371.610 374.627
100.000 355.463 402.563
100.000 132.845 367.434
100.000 107.197 363.503
100.000 314.039 360.093
100.000 84.433 355.622
100.000 5.213 355.606
100.000 155.430 354.811
100.000 67.856 354.141
100.000 116.387 352.234
100.000 274.700 348.942
100.000 37.886 350.295
100.000 528.403 348.205
100.000 238.932 344.675
100.000 251.959 327.772
100.000 407.285 328.295
100.000 4.945 328.208
100.000 141.351 317.652
100.000 439.768 324.041
100.000 81.528 320.431
100.000 499.385 318.278
100.000 303.113 320.802
100.000 480.270 314.090
100.000 361.150 299.945
100.000 48.537 299.443
100.000 564.244 297.632
100.000 178.896 311.200
100.000 87.275 287.702
100.000 424.993 292.017
100.000 385.278 290.990
100.000 288.446 287.183
100.000 480.215 279.563
100.000 321.854 276.563
100.000 343.588 276.982
100.000 99.283 274.576
100.000 168.131 276.584
100.000 35.939 292.995
100.000 588.554 271.904
100.000 445.241 257.390
100.000 51.816 260.297
100.000 124.767 255.930
100.000 352.920 249.161
100.000 14.175 243.643
100.000 167.196 241.033
100.000 102.342 236.835
100.000 26.194 233.067
100.000 123.999 229.806
100.000 126.085 219.047
100.000 57.564 228.448
100.000 148.903 226.767
100.000 406.114 218.690
100.000 76.834 216.918
100.000 11.701 215.394
100.000 305.793 198.913
100.000 87.772 198.860
100.000 345.595 196.762
100.000 384.666 195.683
100.000 122.132 187.538
100.000 249.241 191.743
100.000 525.136 187.623
100.000 283.314 185.792
100.000 502.707 174.144
100.000 29.876 172.834
100.000 551.719 157.285
100.000 397.040 162.231
100.000 271.084 157.484
100.000 276.355 148.278
100.000 168.390 159.346
100.000 531.170 153.660
100.000 55.866 146.186
100.000 443.835 147.911
100.000 341.441 147.290
100.000 505.485 137.492
100.000 9.520 134.647
100.000 296.502 131.654
100.000 78.885 131.532
100.000 426.257 130.116
100.000 342.176 124.756
100.000 190.077 124.354
100.000 383.061 120.258
100.000 244.294 117.608
100.000 86.004 107.094
100.000 43.949 104.708
100.000 19.035 103.510
100.000 377.928 103.943
100.000 369.149 98.880
100.000 58.133 98.923
100.000 463.822 95.152
100.000 15.304 92.848
100.000 555.681 88.884
100.000 396.998 86.379
100.000 379.084 84.766
100.000 75.605 85.398
100.000 343.001 79.855
100.000 17.371 76.701
100.000 562.422 63.996
100.000 376.193 60.587
100.000 143.127 60.790
100.000 82.012 59.839
100.000 445.543 58.466
100.000 306.858 53.432
100.000 509.587 594.599
100.000 7.087 50.296
100.000 216.174 43.125
100.000 260.075 40.540
100.000 40.200 34.764
100.000 134.936 34.841
100.000 286.409 44.711
100.000 75.436 32.677
100.000 105.912 30.672
100.000 365.612 21.916
100.000 137.656 592.124
100.000 539.455 20.186
100.000 336.006 586.484
100.000 149.037 590.160
100.000 295.410 21.457
100.000 21.338 576.524
