100.000 50.681 20.108
100.000 259.114 13.752
100.000 487.491 13.769
100.000 241.002 10.273
100.000 68.058 4.639
100.000 519.846 9.275
100.000 349.393 11.781
100.000 596.781 5.820
100.000 564.511 9.073
100.000 571.486 3.619
100.000 332.217 8.960
100.000 178.004 6.093
100.000 383.981 5.733
100.000 164.379 2.290
100.000 133.778 2.653
100.000 533.054 567.657
100.000 528.384 560.299
100.000 156.132 567.796
100.000 200.457 562.660
100.000 321.527 565.265
100.000 187.137 560.606
100.000 327.498 554.074
100.000 594.817 554.259
100.000 555.294 545.180
100.000 85.756 536.969
100.000 49.684 536.271
100.000 378.865 523.817
100.000 343.630 516.237
100.000 169.421 519.456
100.000 28.842 514.627
100.000 532.440 517.946
100.000 244.527 513.038
100.000 408.807 512.325
100.000 555.650 504.570
100.000 189.164 505.394
100.000 58.939 503.924
100.000 350.225 499.971
100.000 515.000 499.016
100.000 516.670 494.827
100.000 263.654 497.770
100.000 589.728 495.964
100.000 389.285 494.625
100.000 487.121 468.602
100.000 504.744 446.728
100.000 505.604 481.997
100.000 542.262 468.312
100.000 521.509 461.734
100.000 293.406 485.789
100.000 313.174 483.742
100.000 127.937 480.679
100.000 580.381 487.771
100.000 40.378 464.675
100.000 78.490 458.387
100.000 114.450 454.473
100.000 237.733 451.756
100.000 420.060 445.873
100.000 353.857 447.507
100.000 39.304 443.270
100.000 187.378 442.371
100.000 157.612 440.775
100.000 288.665 436.858
100.000 350.077 429.630
100.000 185.522 425.230
100.000 11.973 423.046
100.000 205.193 422.467
100.000 398.416 423.298
100.000 429.115 416.895
100.000 412.645 416.416
100.000 30.253 403.919
100.000 579.570 410.994
100.000 82.794 409.628
100.000 540.115 407.210
100.000 51.101 405.802
100.000 115.626 401.348
100.000 382.132 485.692
100.000 191.273 395.988
100.000 583.694 394.702
100.000 463.117 411.577
100.000 149.755 390.287
100.000 7.765 389.254
100.000 480.361 385.648
100.000 350.994 396.485
100.000 77.301 382.219
100.000 460.647 381.777
100.000 551.034 375.252
100.000 37.503 376.408
100.000 314.017 371.712
100.000 281.729 366.951
100.000 350.410 357.636
100.000 561.472 360.831
100.000 178.393 360.165
100.000 267.139 350.854
100.000 245.307 342.172
100.000 157.893 334.983
100.000 464.277 332.932
100.000 535.940 310.151
100.000 506.187 327.188
100.000 115.520 323.135
100.000 133.216 324.911
100.000 467.605 319.404
100.000 426.746 312.906
100.000 7.987 311.479
100.000 499.593 310.494
100.000 205.042 306.804
100.000 84.383 293.791
100.000 236.636 296.421
100.000 5.219 286.786
100.000 6.056 291.434
100.000 119.431 290.574
100.000 560.047 285.618
100.000 41.096 279.007
100.000 99.180 284.955
100.000 212.156 283.952
100.000 68.295 281.802
100.000 511.721 275.121
100.000 314.010 269.969
100.000 552.612 258.969
100.000 562.684 267.537
100.000 558.319 262.567
100.000 78.659 257.877
100.000 69.665 249.561
100.000 273.090 264.125
100.000 311.822 251.175
100.000 347.273 248.121
100.000 337.346 246.768
100.000 551.508 246.241
100.000 27.947 246.645
100.000 574.174 244.288
100.000 488.212 258.441
100.000 338.108 233.673
100.000 598.881 224.172
100.000 162.529 226.346
100.000 523.740 226.347
100.000 515.803 222.594
100.000 442.017 223.645
100.000 120.487 215.433
100.000 60.143 222.150
100.000 545.693 217.196
100.000 210.642 206.072
100.000 448.131 201.475
100.000 2.340 201.349
100.000 467.671 191.185
100.000 391.288 197.259
100.000 522.886 186.774
100.000 507.163 179.076
100.000 264.973 172.887
100.000 325.770 173.439
100.000 434.159 168.553
100.000 243.171 155.313
100.000 355.064 159.088
100.000 149.507 159.979
100.000 26.226 148.696
100.000 535.318 154.647
100.000 389.634 151.789
100.000 338.768 151.605
100.000 80.622 146.889
100.000 232.967 145.804
100.000 230.656 132.255
100.000 504.304 124.050
100.000 410.148 150.666
100.000 474.894 112.949
100.000 126.592 108.504
100.000 191.445 108.834
100.000 432.896 102.836
100.000 555.625 104.360
100.000 594.396 111.366
100.000 453.977 104.694
100.000 27.973 90.368
100.000 488.380 87.760
100.000 96.117 86.249
100.000 564.216 84.603
100.000 432.700 79.247
100.000 213.200 72.647
100.000 377.668 68.102
100.000 520.161 74.292
100.000 348.353 66.769
100.000 258.789 61.774
100.000 140.302 54.998
100.000 325.643 53.893
100.000 394.731 50.872
100.000 369.935 43.784
100.000 150.071 41.720
100.000 30.121 37.113
100.000 134.900 39.018
100.000 442.822 36.820
100.000 22.720 34.247
100.000 78.186 33.975
100.000 66.849 31.825
100.000 139.037 30.959
100.000 170.676 28.493
100.000 575.526 21.374
100.000 417.712 26.005
100.000 272.780 595.294
100.000 309.096 587.808
100.000 459.110 586.277
100.000 93.545 584.404
100.000 41.506 583.359
100.000 197.929 583.122
100.000 6.711 582.087
100.000 288.121 580.249
100.000 577.955 574.459
100.000 105.129 576.960
100.000 354.448 577.191
100.000 557.688 574.260
100.000 484.751 570.686
100.000 518.989 556.487
