100.000 478.701 55.306
100.000 82.459 38.600
100.000 545.883 53.378
100.000 238.371 48.900
100.000 302.651 21.655
100.000 453.018 11.700
100.000 582.179 8.206
100.000 492.289 582.107
100.000 596.602 597.579
100.000 589.559 596.049
100.000 537.302 590.846
100.000 519.357 594.793
100.000 526.540 594.202
100.000 478.900 596.547
100.000 307.242 596.415
100.000 91.539 576.174
100.000 53.209 570.588
100.000 415.645 554.706
100.000 247.093 559.171
100.000 255.204 538.620
100.000 19.792 558.769
100.000 367.825 556.831
100.000 265.952 558.132
100.000 274.515 549.115
100.000 552.694 542.133
100.000 79.251 541.295
100.000 141.837 537.599
100.000 185.301 537.353
100.000 184.383 527.226
100.000 580.896 534.395
100.000 334.667 530.710
100.000 212.526 528.974
100.000 199.509 524.138
100.000 12.094 527.162
100.000 217.773 513.907
100.000 551.122 517.262
100.000 450.600 518.908
100.000 60.220 507.924
100.000 397.804 509.343
100.000 91.307 500.462
100.000 508.710 506.415
100.000 411.192 500.590
100.000 524.173 482.805
100.000 529.524 494.799
100.000 511.554 496.790
100.000 481.950 497.623
100.000 115.855 493.847
100.000 384.155 491.269
100.000 574.880 484.075
100.000 591.444 478.735
100.000 454.752 488.427
100.000 5.308 486.550
100.000 558.295 490.529
100.000 360.817 476.348
100.000 59.609 478.792
100.000 327.700 476.443
100.000 405.793 491.992
100.000 374.347 465.434
100.000 471.601 465.631
100.000 333.513 452.651
100.000 456.457 447.656
100.000 134.995 450.013
100.000 482.949 443.061
100.000 493.508 445.041
100.000 497.215 433.413
100.000 281.152 441.822
100.000 64.041 438.379
100.000 70.785 433.894
100.000 477.874 434.299
100.000 337.999 431.282
100.000 399.100 428.414
100.000 163.249 439.829
100.000 236.849 429.039
100.000 186.403 425.512
100.000 214.819 417.427
100.000 15.257 421.667
100.000 548.080 419.557
100.000 99.097 414.603
100.000 487.942 407.519
100.000 387.922 410.295
100.000 564.227 404.046
100.000 564.987 387.516
100.000 576.129 380.226
100.000 590.237 375.842
100.000 594.915 367.738
100.000 412.163 402.011
100.000 413.412 392.221
100.000 505.471 398.629
100.000 55.507 397.929
100.000 483.590 391.429
100.000 434.664 384.756
100.000 293.608 394.877
100.000 2.205 393.423
100.000 423.006 383.673
100.000 349.704 381.734
100.000 123.303 386.170
100.000 383.604 387.443
100.000 44.012 384.382
100.000 296.445 380.991
100.000 29.136 376.102
100.000 7.370 369.471
100.000 471.800 365.000
100.000 177.357 363.653
100.000 181.756 350.571
100.000 44.831 362.154
100.000 483.674 360.453
100.000 131.633 361.247
100.000 560.082 359.325
100.000 552.327 354.832
100.000 336.645 347.296
100.000 13.526 353.776
100.000 163.086 347.646
100.000 424.914 339.371
100.000 463.648 335.067
100.000 461.090 320.281
100.000 449.628 327.049
100.000 585.466 324.686
100.000 128.145 312.693
100.000 122.965 320.804
100.000 113.641 316.313
100.000 60.075 322.722
100.000 30.571 313.392
100.000 377.983 315.054
100.000 348.017 311.562
100.000 483.115 308.480
100.000 143.887 318.443
100.000 323.478 303.978
100.000 304.934 294.818
100.000 232.156 282.349
100.000 258.037 296.234
100.000 256.337 287.166
100.000 11.881 290.853
100.000 475.059 289.800
100.000 67.037 279.892
100.000 580.138 282.903
100.000 104.109 281.280
100.000 452.701 297.445
100.000 559.024 271.820
100.000 205.048 273.039
100.000 450.074 270.964
100.000 546.739 268.822
100.000 424.950 268.118
100.000 165.036 262.394
100.000 156.156 259.316
100.000 379.722 262.524
100.000 194.692 260.362
100.000 479.594 256.093
100.000 143.821 254.131
100.000 35.706 249.114
100.000 82.540 253.209
100.000 120.710 248.437
100.000 93.740 240.944
100.000 183.224 246.415
100.000 434.583 230.630
100.000 407.737 235.842
100.000 524.594 227.353
100.000 449.647 227.989
100.000 567.218 223.029
100.000 353.322 215.788
100.000 50.683 222.928
100.000 387.208 219.762
100.000 78.339 216.357
100.000 12.786 216.223
100.000 243.309 203.868
100.000 327.734 210.115
100.000 427.035 201.978
100.000 350.510 223.017
100.000 454.118 200.556
100.000 384.884 198.243
100.000 587.113 193.770
100.000 102.667 196.473
100.000 188.127 195.458
100.000 549.250 185.358
100.000 544.529 175.372
100.000 530.957 186.340
100.000 534.465 177.882
100.000 323.817 188.290
100.000 373.989 200.420
100.000 505.817 181.797
100.000 278.481 183.443
100.000 465.457 172.329
100.000 30.609 178.115
100.000 556.986 171.975
100.000 570.569 172.353
100.000 116.556 189.597
100.000 595.984 176.382
100.000 476.973 167.292
100.000 480.303 158.153
100.000 493.456 155.789
100.000 253.920 164.405
100.000 453.423 212.314
100.000 2.051 161.451
100.000 119.946 155.905
100.000 251.766 137.753
100.000 337.708 166.006
100.000 150.457 141.827
100.000 100.189 140.230
100.000 417.596 137.007
100.000 35.270 135.169
100.000 222.006 130.845
100.000 348.996 130.390
100.000 507.181 127.533
100.000 20.631 118.430
100.000 263.238 111.295
100.000 300.523 111.704
100.000 143.457 109.177
100.000 131.545 110.183
100.000 355.786 106.495
100.000 311.812 105.602
100.000 523.299 112.808
100.000 574.714 101.887
100.000 595.233 99.291
100.000 217.078 95.698
100.000 492.657 94.440
100.000 335.050 91.142
100.000 322.200 86.837
100.000 528.601 89.448
100.000 135.741 85.831
100.000 459.304 85.476
100.000 477.358 80.416
100.000 490.708 69.328
100.000 22.778 587.238
100.000 340.210 79.197
100.000 391.735 81.393
100.000 155.201 69.900
100.000 511.025 76.134
100.000 371.435 77.973
100.000 309.396 78.255
100.000 383.434 68.007
100.000 405.487 59.721
100.000 410.356 53.265
100.000 517.765 64.562
100.000 402.940 590.399
100.000 334.932 589.960
100.000 317.866 61.679
100.000 336.903 61.132
100.000 271.638 52.705
100.000 323.899 54.244
100.000 515.295 51.120
100.000 497.611 589.045
100.000 276.860 42.250
100.000 594.883 64.265
100.000 282.517 32.592
100.000 529.095 30.305
100.000 518.229 24.945
100.000 223.648 586.500
100.000 358.570 583.094
