100.000 589.262 100.473
100.000 308.591 65.563
100.000 326.256 34.315
100.000 541.286 34.538
100.000 225.652 22.433
100.000 219.184 17.409
100.000 353.039 20.602
100.000 402.707 19.036
100.000 336.730 17.280
100.000 32.600 15.437
100.000 141.838 10.234
100.000 14.963 5.223
100.000 121.742 7.360
100.000 363.260 2.816
100.000 259.606 2.400
100.000 448.867 542.158
100.000 456.901 540.693
100.000 537.857 534.943
100.000 554.891 531.174
100.000 549.577 524.254
100.000 269.279 526.508
100.000 271.490 517.529
100.000 79.769 526.607
100.000 532.850 523.198
100.000 409.088 520.655
100.000 582.540 520.291
100.000 296.363 516.254
100.000 52.663 516.807
100.000 10.774 521.160
100.000 423.214 513.444
100.000 310.359 512.104
100.000 430.520 511.055
100.000 501.906 503.584
100.000 582.803 486.820
100.000 276.079 495.971
100.000 59.387 496.660
100.000 238.316 494.693
100.000 319.171 492.079
100.000 534.363 470.947
100.000 545.066 486.108
100.000 551.337 471.892
100.000 462.493 478.452
100.000 482.440 482.876
100.000 473.756 483.297
100.000 562.964 484.399
100.000 361.693 478.037
100.000 364.503 474.973
100.000 141.532 479.321
100.000 598.111 476.654
100.000 198.225 467.136
100.000 266.198 450.943
100.000 260.565 468.288
100.000 357.618 480.803
100.000 279.069 462.159
100.000 371.314 455.300
100.000 158.399 456.683
100.000 386.992 456.361
100.000 251.633 451.764
100.000 28.179 451.911
100.000 24.435 439.022
100.000 332.832 450.566
100.000 546.688 449.130
100.000 486.914 448.080
100.000 242.002 445.476
100.000 342.503 443.057
100.000 378.314 433.067
100.000 218.898 438.009
100.000 577.744 433.829
100.000 490.695 423.949
100.000 525.927 427.706
100.000 531.467 430.387
100.000 430.289 429.015
100.000 461.977 408.029
100.000 427.534 402.252
100.000 263.944 428.690
100.000 261.978 420.069
100.000 251.829 427.530
100.000 246.653 418.928
100.000 240.190 418.992
100.000 459.208 427.515
100.000 335.020 427.203
100.000 38.892 414.553
100.000 30.422 422.765
100.000 30.504 414.779
100.000 415.781 420.513
100.000 385.175 417.494
100.000 191.133 420.870
100.000 220.225 419.154
100.000 519.537 418.747
100.000 585.554 414.174
100.000 233.779 422.914
100.000 566.035 414.918
100.000 399.227 409.072
100.000 78.062 412.261
100.000 531.607 405.581
100.000 569.393 404.680
100.000 118.226 400.236
100.000 520.470 403.496
100.000 518.092 398.714
100.000 203.186 400.272
100.000 305.661 392.396
100.000 200.906 389.775
100.000 570.683 388.761
100.000 98.109 389.553
100.000 477.894 383.539
100.000 588.905 380.349
100.000 424.621 380.908
100.000 420.166 380.089
100.000 168.548 380.538
100.000 182.908 374.502
100.000 410.958 373.938
100.000 451.622 395.865
100.000 523.195 373.946
100.000 7.428 368.826
100.000 309.872 371.820
100.000 247.221 365.739
100.000 402.927 360.471
100.000 90.126 351.996
100.000 194.622 354.655
100.000 467.839 346.021
100.000 274.069 345.828
100.000 233.019 337.775
100.000 456.685 336.605
100.000 573.757 336.724
100.000 364.994 331.160
100.000 96.598 327.395
100.000 113.533 325.134
100.000 293.198 322.260
100.000 264.624 325.988
100.000 169.613 317.255
100.000 398.346 301.846
100.000 274.896 309.605
100.000 137.197 307.416
100.000 299.554 300.216
100.000 294.853 299.132
100.000 285.481 292.935
100.000 280.898 290.131
100.000 487.803 290.886
100.000 563.027 279.498
100.000 207.732 269.863
100.000 217.657 282.025
100.000 221.974 275.211
100.000 250.512 276.193
100.000 313.575 278.307
100.000 36.988 277.369
100.000 406.215 274.757
100.000 181.493 269.387
100.000 5.214 285.652
100.000 117.437 247.593
100.000 396.252 244.343
100.000 413.662 259.276
100.000 409.267 252.148
100.000 545.899 260.375
100.000 323.250 249.767
100.000 530.651 249.599
100.000 370.757 251.580
100.000 254.141 252.230
100.000 170.773 268.798
100.000 346.060 232.158
100.000 353.975 229.711
100.000 7.961 236.259
100.000 590.279 233.644
100.000 274.379 234.332
100.000 47.180 230.880
100.000 63.347 227.520
100.000 320.009 217.084
100.000 334.667 223.476
100.000 478.277 221.823
100.000 467.511 215.286
100.000 424.406 218.017
100.000 539.724 214.449
100.000 347.850 212.541
100.000 436.575 215.191
100.000 293.236 212.089
100.000 200.733 211.921
100.000 256.981 209.047
100.000 237.718 261.675
100.000 373.489 197.131
100.000 9.534 182.518
100.000 275.503 181.967
100.000 266.666 170.621
100.000 457.487 180.885
100.000 214.107 174.205
100.000 197.356 173.534
100.000 31.801 173.065
100.000 359.066 170.718
100.000 289.238 157.649
100.000 291.500 165.782
100.000 464.791 153.255
100.000 229.078 158.199
100.000 209.480 147.994
100.000 194.715 139.715
100.000 182.245 131.936
100.000 52.683 144.997
100.000 440.384 144.064
100.000 167.925 136.596
100.000 556.770 140.408
100.000 75.962 139.386
100.000 408.623 593.434
100.000 264.245 136.196
100.000 138.255 131.163
100.000 300.719 125.809
100.000 120.616 131.168
100.000 73.257 121.181
100.000 519.998 123.505
100.000 483.079 124.670
100.000 443.742 124.038
100.000 350.340 122.483
100.000 433.004 116.627
100.000 36.671 120.010
100.000 189.596 108.495
100.000 455.238 97.337
100.000 297.760 100.510
100.000 262.593 95.590
100.000 357.252 93.250
100.000 308.526 90.930
100.000 236.831 93.109
100.000 86.228 93.541
100.000 57.162 89.282
100.000 298.875 80.744
100.000 458.474 76.764
100.000 407.636 73.902
100.000 409.536 65.262
100.000 402.801 581.403
100.000 138.116 70.040
100.000 374.016 64.918
100.000 468.383 61.223
100.000 215.245 60.641
100.000 232.740 57.118
100.000 337.655 52.151
100.000 583.566 40.558
100.000 582.759 33.774
100.000 587.474 49.018
100.000 594.890 46.725
100.000 293.592 59.311
100.000 445.250 63.884
100.000 311.005 580.277
100.000 16.807 39.456
100.000 448.359 580.389
100.000 239.260 35.421
100.000 206.778 28.292
100.000 79.125 579.644
100.000 2.816 573.566
100.000 348.169 569.918
100.000 342.197 33.855
100.000 466.011 569.991
100.000 272.094 568.981
100.000 247.737 558.540
100.000 6.048 554.562
100.000 209.244 556.869
100.000 214.045 548.406
100.000 414.223 549.359
