100.000 589.512 21.396
100.000 58.706 8.217
100.000 549.199 10.005
100.000 496.539 6.552
100.000 177.518 48.282
100.000 350.505 534.747
100.000 198.678 522.526
100.000 597.194 512.616
100.000 291.053 508.360
100.000 322.242 505.684
100.000 74.159 503.714
100.000 129.921 494.732
100.000 482.222 485.609
100.000 380.639 468.956
100.000 471.562 459.774
100.000 493.105 457.623
100.000 378.029 428.597
100.000 199.743 423.144
100.000 3.750 406.218
100.000 288.108 398.352
100.000 320.341 398.416
100.000 393.622 396.507
100.000 262.898 384.348
100.000 240.010 376.462
100.000 296.159 358.157
100.000 54.415 346.927
100.000 554.932 335.862
100.000 517.417 327.389
100.000 82.132 290.960
100.000 517.225 282.796
100.000 278.084 272.291
100.000 587.801 257.706
100.000 239.935 250.887
100.000 7.675 245.565
100.000 222.724 214.536
100.000 197.208 208.460
100.000 317.441 196.442
100.000 117.378 165.831
100.000 286.255 155.222
100.000 237.834 140.597
100.000 559.155 132.606
100.000 147.930 120.455
100.000 466.101 110.187
100.000 524.231 113.130
100.000 191.898 102.858
100.000 22.764 98.924
100.000 576.124 78.159
100.000 279.608 71.434
100.000 62.681 58.662
100.000 181.877 587.149
100.000 353.876 35.191
100.000 189.799 29.324
100.000 531.088 555.505
100.000 224.979 548.680
100.000 588.712 542.972
