100.000 226.658 64.660
100.000 225.820 36.709
100.000 492.830 26.339
100.000 372.631 27.142
100.000 96.191 15.958
100.000 365.096 492.750
100.000 492.190 502.504
100.000 120.037 461.292
100.000 449.849 439.201
100.000 586.863 430.774
100.000 12.311 434.986
100.000 395.086 423.520
100.000 592.218 469.149
100.000 84.453 418.169
100.000 259.376 404.607
100.000 387.069 400.060
100.000 459.512 377.428
100.000 103.550 358.476
100.000 226.702 310.936
100.000 23.366 310.344
100.000 502.050 282.480
100.000 568.840 295.378
100.000 561.905 260.619
100.000 225.060 260.486
100.000 140.935 257.721
100.000 162.280 237.549
100.000 272.370 237.865
100.000 86.523 216.302
100.000 322.656 203.864
100.000 486.279 182.233
100.000 191.149 183.010
100.000 92.964 182.148
100.000 176.701 169.563
100.000 373.875 165.792
100.000 135.690 147.714
100.000 60.782 122.645
100.000 3.020 120.129
100.000 372.299 557.844
100.000 444.735 552.174
100.000 496.935 53.272
100.000 380.623 541.206
100.000 76.384 41.029
100.000 35.029 513.884
