100.000 206.120 34.042
100.000 589.822 23.235
100.000 573.792 18.218
100.000 164.730 21.764
100.000 56.187 4.370
100.000 504.880 17.388
100.000 294.349 580.276
100.000 403.924 598.176
100.000 214.739 585.604
100.000 111.760 598.182
100.000 329.845 576.789
100.000 359.420 578.682
100.000 61.117 578.384
100.000 514.072 569.886
100.000 6.184 558.760
100.000 225.624 552.908
100.000 573.065 547.516
100.000 250.448 547.415
100.000 289.797 542.890
100.000 349.795 540.042
100.000 519.990 537.005
100.000 113.048 543.775
100.000 303.431 533.535
100.000 58.913 525.834
100.000 203.929 521.635
100.000 527.887 523.952
100.000 264.786 515.773
100.000 304.802 516.874
100.000 337.176 521.059
100.000 461.309 514.618
100.000 31.683 506.625
100.000 128.350 503.097
100.000 501.164 502.137
100.000 198.826 499.882
100.000 477.315 496.042
100.000 370.768 493.482
100.000 344.519 484.866
100.000 326.748 480.368
100.000 587.793 476.632
100.000 295.888 474.182
100.000 189.339 478.103
100.000 31.290 469.012
100.000 8.432 472.955
100.000 467.993 466.000
100.000 561.109 470.128
100.000 510.821 469.154
100.000 202.771 467.630
100.000 229.213 463.328
100.000 340.433 462.113
100.000 267.412 455.092
100.000 353.293 455.495
100.000 499.699 451.491
100.000 344.449 461.238
100.000 95.779 452.168
100.000 20.426 448.143
100.000 431.950 450.044
100.000 222.283 443.488
100.000 296.811 442.046
100.000 448.543 431.041
100.000 563.019 428.349
100.000 496.362 428.106
100.000 525.411 423.123
100.000 42.733 417.169
100.000 559.125 413.088
100.000 515.697 412.152
100.000 416.489 413.053
100.000 548.209 407.650
100.000 149.161 409.390
100.000 509.243 402.644
100.000 447.252 403.352
100.000 409.538 396.125
100.000 45.379 385.601
100.000 496.919 387.755
100.000 498.972 368.705
100.000 481.387 364.904
100.000 539.962 378.068
100.000 593.961 373.709
100.000 436.762 366.119
100.000 456.090 375.822
100.000 318.242 350.743
100.000 326.162 324.101
100.000 89.504 359.221
100.000 262.131 366.758
100.000 343.493 356.099
100.000 323.334 365.875
100.000 536.665 359.863
100.000 483.675 357.762
100.000 250.218 351.518
100.000 327.767 333.905
100.000 360.570 342.705
100.000 352.272 338.428
100.000 7.576 342.960
100.000 211.414 339.960
100.000 481.294 335.060
100.000 458.353 337.227
100.000 451.499 328.915
100.000 460.779 322.678
100.000 409.947 336.020
100.000 508.777 324.045
100.000 501.616 311.505
100.000 398.486 322.425
100.000 392.110 314.157
100.000 170.518 321.039
100.000 451.273 306.967
100.000 437.399 339.863
100.000 45.593 307.657
100.000 235.080 307.998
100.000 145.014 331.193
100.000 88.020 300.531
100.000 110.609 295.645
100.000 451.135 294.436
100.000 327.044 293.893
100.000 491.818 290.958
100.000 382.677 309.672
100.000 368.818 287.094
100.000 216.239 288.132
100.000 440.752 287.960
100.000 199.865 282.014
100.000 392.940 274.989
100.000 317.284 276.697
100.000 484.570 273.782
100.000 437.396 275.582
100.000 358.828 271.478
100.000 594.713 270.424
100.000 125.005 258.389
100.000 373.316 261.023
100.000 368.844 257.987
100.000 352.685 261.491
100.000 311.616 263.700
100.000 361.694 253.108
100.000 178.106 253.732
100.000 455.603 250.299
100.000 446.991 250.989
100.000 590.567 251.441
100.000 422.812 239.987
100.000 149.003 242.489
100.000 354.354 237.970
100.000 100.679 237.480
100.000 553.867 245.603
100.000 284.979 232.018
100.000 400.938 219.785
100.000 221.080 228.501
100.000 197.316 223.977
100.000 349.201 221.112
100.000 33.441 217.452
100.000 323.954 220.238
100.000 425.445 215.234
100.000 167.834 213.410
100.000 346.711 211.791
100.000 426.367 205.785
100.000 365.596 198.256
100.000 277.647 183.759
100.000 145.191 193.950
100.000 483.099 195.271
100.000 15.110 192.389
100.000 263.594 163.173
100.000 544.626 197.770
100.000 233.649 179.533
100.000 103.264 179.845
100.000 315.221 173.182
100.000 427.377 172.448
100.000 413.027 176.645
100.000 355.122 168.522
100.000 371.339 171.191
100.000 396.337 167.303
100.000 500.679 154.350
100.000 174.411 156.493
100.000 277.789 155.815
100.000 127.469 155.122
100.000 540.779 154.116
100.000 294.354 142.891
100.000 267.794 147.914
100.000 234.609 144.865
100.000 218.337 147.156
100.000 583.835 143.394
100.000 324.117 138.859
100.000 447.360 140.587
100.000 210.417 139.367
100.000 198.990 138.594
100.000 186.050 137.686
100.000 282.682 136.601
100.000 222.457 125.928
100.000 86.923 131.363
100.000 205.947 125.722
100.000 69.724 125.350
100.000 152.738 161.924
100.000 349.959 121.321
100.000 263.426 117.178
100.000 265.676 111.995
100.000 62.239 113.743
100.000 531.541 109.167
100.000 482.358 110.108
100.000 398.067 110.025
100.000 589.011 106.327
100.000 251.376 107.477
100.000 356.781 137.992
100.000 315.838 98.986
100.000 558.904 99.337
100.000 432.504 97.107
100.000 352.855 78.987
100.000 478.219 79.068
100.000 459.036 63.444
100.000 429.660 58.988
100.000 40.403 55.308
100.000 232.302 49.919
100.000 256.019 46.294
100.000 266.332 53.955
100.000 385.548 47.901
100.000 186.023 51.575
100.000 196.716 43.448
100.000 151.267 50.391
100.000 62.073 49.773
100.000 302.084 43.859
100.000 406.581 41.924
100.000 147.747 35.205
100.000 481.800 38.179
100.000 318.981 35.403
100.000 20.274 594.136
100.000 81.668 34.108
100.000 55.468 593.324
100.000 139.017 589.496
100.000 139.206 23.282
100.000 333.160 586.152
100.000 262.855 586.763
