100.000 563.981 24.798
100.000 511.302 9.211
100.000 29.414 4.231
100.000 474.322 5.908
100.000 70.185 4.904
100.000 598.569 2.439
100.000 235.192 2.400
100.000 238.913 520.539
100.000 199.538 596.974
100.000 352.394 500.131
100.000 107.733 484.118
100.000 469.315 492.141
100.000 171.247 477.988
100.000 125.407 465.377
100.000 144.689 462.250
100.000 545.002 431.192
100.000 285.531 431.777
100.000 284.992 425.186
100.000 496.886 422.020
100.000 79.778 421.398
100.000 404.252 419.271
100.000 446.152 408.587
100.000 285.342 406.236
100.000 354.843 401.740
100.000 460.363 392.067
100.000 29.493 381.282
100.000 563.512 359.052
100.000 269.313 339.015
100.000 425.743 340.833
100.000 195.844 336.134
100.000 391.144 322.070
100.000 507.869 320.608
100.000 518.378 309.517
100.000 349.559 305.272
100.000 109.816 298.579
100.000 305.668 286.984
100.000 141.667 288.508
100.000 126.379 269.109
100.000 378.649 265.892
100.000 92.972 265.993
100.000 28.447 264.647
100.000 199.004 248.611
100.000 477.312 246.231
100.000 471.472 233.162
100.000 520.699 232.815
100.000 70.417 237.370
100.000 403.745 228.064
100.000 326.215 224.462
100.000 147.813 221.714
100.000 386.976 210.265
100.000 318.801 194.347
100.000 550.687 186.106
100.000 133.576 173.508
100.000 460.703 180.036
100.000 525.009 165.742
100.000 579.667 143.280
100.000 268.622 156.697
100.000 65.734 151.326
100.000 93.504 148.775
100.000 2.656 150.776
100.000 63.053 126.750
100.000 284.027 122.830
100.000 276.720 119.654
100.000 343.536 102.811
100.000 502.054 98.154
100.000 567.573 88.691
100.000 486.262 95.080
100.000 587.237 93.572
100.000 427.505 90.834
100.000 304.437 81.710
100.000 370.515 65.240
100.000 91.456 61.724
100.000 556.482 592.704
100.000 332.212 18.732
100.000 376.162 579.823
100.000 540.402 575.062
100.000 290.887 566.079
100.000 187.368 562.772
100.000 346.200 535.361
