100.000 387.233 44.111
100.000 383.866 33.140
100.000 144.373 30.747
100.000 146.932 6.164
100.000 54.886 33.173
100.000 304.622 15.537
100.000 330.452 6.032
100.000 265.377 11.963
100.000 147.962 569.932
100.000 544.317 580.745
100.000 549.742 544.441
100.000 526.772 580.978
100.000 516.915 597.915
100.000 502.180 597.869
100.000 259.178 598.441
100.000 205.803 597.999
100.000 242.913 560.788
100.000 497.888 589.461
100.000 416.334 546.893
100.000 308.113 563.402
100.000 457.031 542.367
100.000 539.814 541.691
100.000 501.697 532.643
100.000 433.198 538.184
100.000 28.591 558.278
100.000 484.883 495.007
100.000 516.024 501.537
100.000 514.265 470.576
100.000 205.435 511.074
100.000 591.545 514.770
100.000 546.347 506.563
100.000 353.046 509.037
100.000 535.121 505.172
100.000 377.226 498.797
100.000 161.070 496.473
100.000 544.062 493.020
100.000 545.261 474.035
100.000 102.602 489.087
100.000 464.069 490.638
100.000 417.129 484.102
100.000 583.312 501.588
100.000 486.507 476.210
100.000 292.330 466.913
100.000 309.196 469.363
100.000 250.505 461.409
100.000 521.812 459.123
100.000 495.115 449.883
100.000 96.137 449.265
100.000 207.923 456.435
100.000 106.489 438.493
100.000 518.562 478.601
100.000 54.288 427.832
100.000 344.275 421.757
100.000 172.279 426.857
100.000 4.105 415.852
100.000 384.191 406.642
100.000 204.457 404.921
100.000 73.372 432.094
100.000 591.449 399.274
100.000 571.880 395.208
100.000 44.651 395.503
100.000 61.667 353.380
100.000 246.452 355.141
100.000 172.233 353.110
100.000 528.799 351.276
100.000 367.821 336.999
100.000 284.315 338.681
100.000 581.744 329.125
100.000 328.160 329.386
100.000 148.158 319.159
100.000 414.517 316.688
100.000 106.089 318.736
100.000 68.171 312.067
100.000 568.314 317.373
100.000 516.750 312.273
100.000 164.825 307.750
100.000 442.744 285.591
100.000 330.000 285.029
100.000 252.283 278.427
100.000 401.803 271.842
100.000 20.222 261.007
100.000 447.023 251.129
100.000 538.655 250.310
100.000 360.315 192.470
100.000 365.442 223.490
100.000 351.060 216.715
100.000 364.100 208.239
100.000 277.314 212.174
100.000 338.514 209.110
100.000 414.190 188.216
100.000 158.250 185.817
100.000 539.985 172.302
100.000 535.854 170.575
100.000 401.744 159.303
100.000 373.491 154.404
100.000 371.705 141.469
100.000 183.328 145.701
100.000 349.898 144.284
100.000 338.990 131.191
100.000 68.217 108.362
100.000 92.662 100.049
100.000 20.327 125.751
100.000 393.066 123.385
100.000 223.354 111.919
100.000 588.967 107.404
100.000 174.262 69.124
100.000 143.696 81.992
100.000 155.193 76.649
100.000 519.118 71.955
100.000 378.219 64.579
100.000 273.283 72.106
100.000 107.951 63.953
100.000 455.295 62.076
100.000 234.271 45.809
100.000 203.843 58.298
100.000 254.084 37.721
100.000 272.994 51.499
100.000 588.631 584.674
100.000 547.198 558.332
100.000 306.614 580.247
100.000 26.659 575.186
100.000 566.238 579.048
100.000 266.465 32.004
100.000 283.494 25.918
100.000 581.020 570.058
100.000 593.898 569.202
