100.000 500.362 40.739
100.000 23.226 23.113
100.000 175.703 18.976
100.000 406.821 8.995
100.000 381.597 6.737
100.000 352.274 9.524
100.000 536.294 7.358
100.000 572.562 15.076
100.000 577.187 4.036
100.000 99.268 13.975
100.000 103.920 567.529
100.000 372.848 593.774
100.000 350.121 597.165
100.000 515.709 559.876
100.000 489.261 555.452
100.000 365.518 554.935
100.000 589.925 549.513
100.000 410.624 540.547
100.000 4.036 536.989
100.000 104.902 532.404
100.000 153.358 540.651
100.000 513.428 538.689
100.000 540.693 528.363
100.000 423.227 523.734
100.000 257.078 525.944
100.000 22.105 523.506
100.000 389.648 519.036
100.000 477.853 517.819
100.000 579.407 515.535
100.000 296.949 508.512
100.000 143.843 510.009
100.000 48.546 509.922
100.000 225.246 507.340
100.000 352.908 504.091
100.000 457.788 499.414
100.000 445.720 498.488
100.000 56.862 499.101
100.000 236.675 493.019
100.000 421.914 489.161
100.000 217.259 481.830
100.000 131.314 482.104
100.000 478.602 480.311
100.000 463.086 448.316
100.000 458.111 469.789
100.000 458.221 455.505
100.000 3.535 465.614
100.000 211.362 457.333
100.000 90.394 461.413
100.000 89.608 453.529
100.000 79.514 453.045
100.000 462.180 439.846
100.000 120.639 437.927
100.000 317.027 441.858
100.000 428.069 427.810
100.000 569.411 429.711
100.000 162.385 428.506
100.000 136.228 426.194
100.000 547.000 421.028
100.000 49.218 421.320
100.000 200.386 415.234
100.000 554.828 409.979
100.000 478.911 407.690
100.000 303.124 405.137
100.000 339.987 395.784
100.000 31.097 401.719
100.000 18.251 401.258
100.000 291.931 387.638
100.000 571.024 379.243
100.000 71.434 389.846
100.000 82.536 384.487
100.000 237.744 379.315
100.000 220.029 377.762
100.000 91.462 376.063
100.000 257.910 372.550
100.000 34.275 371.792
100.000 70.296 402.334
100.000 346.007 366.596
100.000 570.510 362.026
100.000 536.024 357.802
100.000 514.531 351.514
100.000 482.902 351.207
100.000 93.514 348.180
100.000 548.999 346.988
100.000 568.859 387.708
100.000 221.595 344.531
100.000 382.717 338.316
100.000 497.621 339.861
100.000 545.260 317.603
100.000 346.202 317.935
100.000 424.840 303.131
100.000 103.714 303.614
100.000 100.495 294.180
100.000 209.458 300.266
100.000 211.674 293.126
100.000 301.146 300.680
100.000 483.183 296.401
100.000 594.944 283.401
100.000 122.031 293.046
100.000 104.310 283.306
100.000 350.544 283.527
100.000 249.657 280.710
100.000 558.093 280.968
100.000 65.290 273.815
100.000 5.088 276.648
100.000 527.320 272.370
100.000 383.899 273.356
100.000 114.297 269.047
100.000 104.915 267.714
100.000 520.822 259.797
100.000 166.839 292.103
100.000 421.419 252.070
100.000 40.271 248.826
100.000 347.514 248.656
100.000 58.663 246.615
100.000 273.064 239.969
100.000 453.994 232.029
100.000 174.752 229.574
100.000 165.295 232.137
100.000 4.658 231.504
100.000 150.210 231.019
100.000 420.854 227.907
100.000 430.101 227.536
100.000 260.444 220.089
100.000 401.884 215.394
100.000 33.627 209.497
100.000 144.369 204.603
100.000 333.795 178.578
100.000 144.377 185.322
100.000 153.262 184.877
100.000 372.878 186.499
100.000 357.387 186.886
100.000 109.859 181.274
100.000 569.901 175.412
100.000 531.036 168.404
100.000 73.412 168.785
100.000 432.447 170.488
100.000 116.351 164.233
100.000 40.523 161.298
100.000 232.554 156.339
100.000 369.548 157.895
100.000 209.617 149.554
100.000 145.066 172.286
100.000 586.434 145.564
100.000 94.297 143.554
100.000 556.059 142.819
100.000 170.447 129.682
100.000 140.596 125.795
100.000 316.163 126.941
100.000 310.338 122.193
100.000 69.105 115.677
100.000 447.712 104.499
100.000 211.730 103.494
100.000 479.771 96.606
100.000 574.041 93.674
100.000 27.905 96.018
100.000 579.716 78.199
100.000 471.709 79.628
100.000 458.941 71.017
100.000 334.044 64.135
100.000 426.307 63.869
100.000 2.763 61.025
100.000 300.106 48.160
100.000 33.488 593.465
100.000 65.357 41.380
100.000 579.249 43.032
100.000 455.105 42.280
100.000 261.675 32.688
100.000 555.293 28.973
100.000 449.646 26.813
100.000 89.937 30.389
100.000 349.864 27.044
100.000 296.683 588.997
100.000 356.491 21.173
100.000 172.332 590.210
100.000 590.945 583.162
100.000 506.310 577.712
100.000 310.872 574.819
100.000 562.538 573.269
100.000 170.871 572.872
100.000 291.403 569.819
