100.000 160.811 47.443
100.000 561.683 7.506
100.000 252.288 8.875
100.000 467.328 541.291
100.000 556.454 596.079
100.000 543.140 525.902
100.000 597.029 525.303
100.000 90.822 517.154
100.000 283.607 509.166
100.000 225.395 511.678
100.000 180.010 503.198
100.000 565.165 504.836
100.000 479.710 477.484
100.000 389.874 478.955
100.000 22.575 475.683
100.000 461.881 472.453
100.000 570.137 454.126
100.000 56.435 451.205
100.000 80.639 437.295
100.000 532.217 423.753
100.000 416.606 414.479
100.000 220.268 415.138
100.000 386.093 399.863
100.000 560.128 396.846
100.000 229.698 377.932
100.000 322.615 358.324
100.000 2.968 284.900
100.000 477.548 278.100
100.000 105.253 271.512
100.000 418.477 251.539
100.000 115.002 232.248
100.000 254.192 222.719
100.000 414.458 212.987
100.000 365.405 207.731
100.000 514.159 194.159
100.000 334.709 195.236
100.000 60.730 185.489
100.000 221.492 178.020
100.000 596.934 176.326
100.000 261.557 170.065
100.000 586.005 156.982
100.000 409.786 144.655
100.000 52.852 142.173
100.000 507.473 139.320
100.000 179.731 140.163
100.000 134.853 135.557
100.000 128.811 121.739
100.000 343.514 110.158
100.000 389.544 97.820
100.000 586.037 91.641
100.000 346.336 83.447
100.000 551.813 64.781
100.000 78.981 61.135
100.000 26.602 580.620
100.000 542.729 40.021
100.000 100.009 39.016
100.000 156.551 544.179
