100.000 547.019 60.051
100.000 128.333 53.239
100.000 50.019 26.967
100.000 483.013 21.158
100.000 451.298 18.989
100.000 270.985 60.554
100.000 140.696 17.815
100.000 506.052 11.951
100.000 21.580 9.749
100.000 135.326 4.470
100.000 441.244 2.807
100.000 271.744 534.799
100.000 504.753 527.356
100.000 513.722 521.183
100.000 54.859 523.205
100.000 263.493 517.561
100.000 92.536 517.190
100.000 123.941 509.220
100.000 560.200 500.365
100.000 321.967 499.557
100.000 388.791 499.484
100.000 301.100 485.333
100.000 356.452 478.991
100.000 125.150 478.846
100.000 232.874 467.702
100.000 424.359 460.059
100.000 445.871 459.307
100.000 410.575 459.635
100.000 22.034 458.110
100.000 522.789 463.084
100.000 446.618 447.699
100.000 396.352 446.617
100.000 550.268 445.515
100.000 505.076 425.081
100.000 361.391 427.418
100.000 377.906 424.235
100.000 24.251 422.012
100.000 424.284 410.701
100.000 321.736 412.969
100.000 177.454 410.899
100.000 598.995 410.177
100.000 168.268 401.680
100.000 16.447 401.691
100.000 224.679 399.177
100.000 578.177 392.275
100.000 311.822 390.920
100.000 421.381 397.899
100.000 507.404 385.003
100.000 120.392 375.815
100.000 550.037 367.597
100.000 562.841 361.087
100.000 193.340 354.822
100.000 173.659 354.309
100.000 53.289 352.424
100.000 512.111 347.109
100.000 266.010 344.474
100.000 220.866 341.914
100.000 354.626 338.054
100.000 317.144 339.807
100.000 502.615 338.929
100.000 566.508 329.107
100.000 5.682 325.158
100.000 522.040 317.038
100.000 366.836 313.912
100.000 552.103 301.727
100.000 397.751 288.267
100.000 447.060 282.216
100.000 255.068 282.468
100.000 91.412 277.234
100.000 155.264 255.541
100.000 37.242 256.384
100.000 439.301 247.951
100.000 205.783 247.428
100.000 409.874 247.865
100.000 455.754 244.050
100.000 228.489 238.054
100.000 20.834 239.410
100.000 195.361 233.344
100.000 143.786 233.564
100.000 452.257 228.138
100.000 306.177 223.006
100.000 343.829 216.532
100.000 133.105 210.134
100.000 15.011 217.682
100.000 209.502 202.888
100.000 234.756 203.189
100.000 400.924 194.042
100.000 198.269 198.756
100.000 177.925 198.122
100.000 354.196 186.622
100.000 559.875 185.098
100.000 476.072 180.322
100.000 420.821 176.804
100.000 165.746 160.777
100.000 142.328 153.397
100.000 98.513 167.815
100.000 386.029 170.034
100.000 109.548 160.480
100.000 495.907 142.717
100.000 467.517 161.339
100.000 127.497 147.963
100.000 539.461 120.104
100.000 508.461 117.506
100.000 489.209 114.787
100.000 20.722 114.017
100.000 60.268 113.210
100.000 257.099 101.457
100.000 368.880 101.241
100.000 99.712 97.819
100.000 376.201 96.012
100.000 501.792 93.106
100.000 457.591 95.758
100.000 408.957 89.500
100.000 217.480 78.857
100.000 190.356 71.519
100.000 596.843 71.656
100.000 179.048 66.698
100.000 492.166 65.046
100.000 443.978 594.537
100.000 187.199 58.257
100.000 464.971 52.745
100.000 34.150 50.338
100.000 104.295 48.916
100.000 493.712 43.946
100.000 575.607 38.244
100.000 383.945 34.246
100.000 150.474 29.982
100.000 337.126 593.838
100.000 385.254 592.123
100.000 180.623 23.136
100.000 2.288 588.855
100.000 314.421 22.660
100.000 131.537 582.206
100.000 273.239 569.612
100.000 503.072 560.884
100.000 521.526 554.558
100.000 69.197 549.809
100.000 438.479 541.830
