100.000 78.391 43.506
100.000 189.709 9.723
100.000 78.968 3.026
100.000 26.804 588.413
100.000 476.954 596.772
100.000 67.942 578.594
100.000 411.860 562.838
100.000 110.830 570.037
100.000 538.512 565.457
100.000 502.224 564.814
100.000 161.450 563.106
100.000 154.224 560.447
100.000 298.474 560.175
100.000 255.518 548.599
100.000 271.207 536.739
100.000 525.590 513.481
100.000 240.124 514.898
100.000 308.353 500.913
100.000 434.030 499.592
100.000 168.814 490.228
100.000 380.160 483.460
100.000 377.193 467.578
100.000 336.406 479.528
100.000 525.060 459.761
100.000 166.211 454.869
100.000 496.773 444.837
100.000 491.882 427.266
100.000 347.403 438.195
100.000 276.446 425.192
100.000 212.457 423.656
100.000 205.229 419.192
100.000 188.289 423.818
100.000 444.356 421.564
100.000 278.651 419.959
100.000 344.740 410.397
100.000 376.387 400.430
100.000 250.165 400.952
100.000 496.534 393.757
100.000 428.434 397.058
100.000 114.430 380.633
100.000 239.832 367.767
100.000 440.814 370.898
100.000 571.155 367.771
100.000 507.255 367.167
100.000 322.640 365.577
100.000 484.464 362.082
100.000 256.084 361.300
100.000 149.210 354.155
100.000 309.339 338.870
100.000 501.377 339.158
100.000 47.276 336.027
100.000 385.764 320.981
100.000 227.028 311.744
100.000 208.956 304.070
100.000 11.736 300.421
100.000 318.702 292.205
100.000 583.162 284.135
100.000 246.284 263.411
100.000 417.538 259.245
100.000 177.046 258.654
100.000 540.149 257.760
100.000 372.707 245.768
100.000 89.677 225.427
100.000 438.550 234.772
100.000 297.419 229.742
100.000 227.359 224.616
100.000 405.821 218.930
100.000 401.015 206.167
100.000 170.710 206.031
100.000 582.838 178.876
100.000 478.469 170.850
100.000 317.833 165.772
100.000 525.942 160.534
100.000 7.868 158.161
100.000 50.515 151.567
100.000 11.564 137.265
100.000 159.874 134.087
100.000 487.898 124.532
100.000 3.474 115.317
100.000 264.644 109.930
100.000 272.701 110.328
100.000 87.677 99.754
100.000 401.678 72.326
100.000 218.585 71.627
100.000 275.071 69.694
100.000 363.252 59.358
100.000 474.870 59.970
100.000 165.535 52.345
100.000 174.412 591.469
100.000 265.505 40.720
100.000 19.169 40.675
100.000 402.584 36.202
100.000 442.649 588.959
