100.000 449.195 22.011
100.000 175.070 18.514
100.000 405.604 7.351
100.000 73.558 2.260
100.000 257.587 574.757
100.000 366.099 596.492
100.000 283.538 574.283
100.000 80.276 574.546
100.000 5.704 572.504
100.000 7.511 568.511
100.000 425.469 573.147
100.000 374.693 572.976
100.000 475.202 568.354
100.000 299.745 563.682
100.000 374.736 550.082
100.000 335.436 538.434
100.000 290.220 533.443
100.000 595.428 533.703
100.000 260.383 519.160
100.000 176.007 502.682
100.000 138.302 499.593
100.000 194.734 497.185
100.000 259.505 478.517
100.000 199.004 465.846
100.000 90.072 469.925
100.000 80.118 461.905
100.000 292.662 456.305
100.000 317.586 453.289
100.000 62.646 443.766
100.000 211.946 434.405
100.000 260.284 428.090
100.000 42.698 424.540
100.000 411.247 429.719
100.000 561.847 416.010
100.000 416.210 412.097
100.000 404.943 405.685
100.000 110.260 401.160
100.000 382.900 400.990
100.000 80.839 388.219
100.000 92.527 386.486
100.000 41.565 372.826
100.000 141.602 371.670
100.000 389.682 363.592
100.000 110.796 364.506
100.000 258.741 361.772
100.000 294.676 342.648
100.000 274.922 336.737
100.000 101.243 337.197
100.000 68.010 325.178
100.000 385.483 316.263
100.000 60.853 290.487
100.000 260.594 282.074
100.000 517.505 281.745
100.000 381.152 273.053
100.000 200.069 265.064
100.000 3.115 250.130
100.000 542.149 263.665
100.000 441.379 223.180
100.000 85.187 207.924
100.000 459.772 202.921
100.000 25.119 201.813
100.000 253.075 176.409
100.000 14.813 168.553
100.000 194.617 167.136
100.000 109.299 157.676
100.000 63.309 155.573
100.000 382.578 148.978
100.000 285.049 172.559
100.000 567.755 145.867
100.000 313.386 149.763
100.000 149.877 145.886
100.000 441.783 145.462
100.000 107.114 139.969
100.000 595.322 107.494
100.000 575.795 115.029
100.000 257.746 103.080
100.000 155.823 96.645
100.000 257.015 78.979
100.000 39.175 75.100
100.000 283.322 70.043
100.000 462.100 66.416
100.000 387.972 72.994
100.000 341.253 72.955
100.000 485.014 72.364
100.000 318.449 65.167
100.000 500.373 53.258
100.000 1.936 35.487
100.000 278.470 585.116
100.000 270.455 23.383
100.000 403.770 583.038
100.000 63.299 575.156
