100.000 316.773 6.389
100.000 316.613 27.258
100.000 316.957 77.625
100.000 316.828 51.235
100.000 156.132 4.742
100.000 133.928 28.668
100.000 147.974 17.259
100.000 96.180 20.480
100.000 34.038 22.608
100.000 442.118 509.625
100.000 319.931 582.680
100.000 92.652 597.211
100.000 124.213 505.960
100.000 281.365 481.985
100.000 113.181 471.759
100.000 93.698 431.609
100.000 571.923 428.138
100.000 353.421 425.023
100.000 483.289 421.165
100.000 202.200 424.922
100.000 268.446 408.383
100.000 447.589 378.346
100.000 394.216 371.730
100.000 508.753 357.389
100.000 291.314 353.192
100.000 456.230 351.035
100.000 309.983 315.036
100.000 317.999 232.418
100.000 304.443 198.434
100.000 291.999 196.655
100.000 318.643 336.371
100.000 317.860 207.163
100.000 317.412 187.490
100.000 317.207 151.194
100.000 318.170 321.850
100.000 317.964 305.530
100.000 318.104 278.362
100.000 6.884 311.514
100.000 64.651 299.964
100.000 81.367 280.081
100.000 350.150 272.646
100.000 424.721 271.087
100.000 6.806 268.400
100.000 54.405 255.708
100.000 141.098 252.227
100.000 84.460 247.444
100.000 118.196 240.218
100.000 154.860 234.553
100.000 471.808 230.708
100.000 515.101 231.531
100.000 63.726 229.072
100.000 141.585 228.159
100.000 96.739 228.066
100.000 172.056 217.399
100.000 467.115 213.181
100.000 87.441 198.769
100.000 137.614 198.709
100.000 116.133 198.332
100.000 63.282 201.717
100.000 49.982 203.422
100.000 269.955 197.988
100.000 253.845 197.754
100.000 359.759 196.682
100.000 203.246 198.309
100.000 185.522 197.994
100.000 160.874 198.392
100.000 19.983 199.857
100.000 445.137 196.713
100.000 234.845 197.763
100.000 542.624 195.784
100.000 465.454 196.297
100.000 519.428 196.383
100.000 494.629 195.534
100.000 415.846 196.675
100.000 395.297 196.774
100.000 594.410 195.353
100.000 507.414 196.116
100.000 578.308 195.763
100.000 577.135 184.331
100.000 345.540 184.298
100.000 43.315 169.333
100.000 481.951 154.675
100.000 538.516 150.390
100.000 572.080 136.367
100.000 531.119 134.182
100.000 207.494 132.612
100.000 182.789 581.848
100.000 319.354 453.831
100.000 319.049 381.155
100.000 319.430 546.137
100.000 317.220 128.630
100.000 317.551 114.224
100.000 488.470 122.896
100.000 64.498 120.534
100.000 145.930 117.847
100.000 147.603 112.386
100.000 431.991 103.320
100.000 109.004 93.237
100.000 304.655 82.562
100.000 575.634 75.772
100.000 332.406 70.581
100.000 319.828 520.190
100.000 464.127 536.501
100.000 174.600 531.045
100.000 121.922 28.854
100.000 113.996 28.225
100.000 337.549 521.425
