100.000 82.911 88.773
100.000 298.323 18.214
100.000 577.606 40.840
100.000 419.960 23.204
100.000 79.600 22.700
100.000 532.608 13.743
100.000 565.873 9.639
100.000 566.981 4.808
100.000 33.331 8.438
100.000 494.146 567.731
100.000 28.737 565.531
100.000 434.824 568.423
100.000 102.121 559.898
100.000 242.475 571.524
100.000 57.074 555.351
100.000 591.753 545.484
100.000 119.641 546.434
100.000 6.040 551.600
100.000 363.309 551.233
100.000 249.869 525.263
100.000 29.606 537.317
100.000 405.088 534.037
100.000 507.097 522.364
100.000 410.302 521.540
100.000 30.468 515.729
100.000 474.549 511.218
100.000 17.587 508.117
100.000 239.631 505.075
100.000 545.317 506.696
100.000 311.423 500.058
100.000 31.804 498.237
100.000 93.485 495.625
100.000 570.650 494.606
100.000 176.181 491.010
100.000 334.893 491.764
100.000 202.858 479.506
100.000 10.195 480.824
100.000 19.215 481.145
100.000 151.145 482.052
100.000 54.917 477.967
100.000 180.283 478.786
100.000 36.612 476.754
100.000 167.299 463.774
100.000 467.694 462.930
100.000 459.283 461.135
100.000 564.721 486.430
100.000 250.631 457.330
100.000 594.653 456.718
100.000 117.709 454.385
100.000 127.913 450.999
100.000 80.018 455.954
100.000 544.773 450.778
100.000 224.152 449.831
100.000 170.451 446.763
100.000 383.048 439.215
100.000 146.929 437.219
100.000 137.742 430.125
100.000 408.058 437.096
100.000 3.055 431.106
100.000 307.965 427.856
100.000 300.277 414.723
100.000 490.178 410.612
100.000 435.107 411.661
100.000 95.393 423.781
100.000 509.098 407.256
100.000 405.345 402.967
100.000 146.449 403.031
100.000 455.664 398.194
100.000 176.815 397.897
100.000 324.603 385.684
100.000 14.582 397.374
100.000 85.768 381.036
100.000 223.942 382.344
100.000 176.666 372.276
100.000 152.065 366.211
100.000 33.278 379.094
100.000 133.698 380.115
100.000 448.680 360.626
100.000 116.858 358.491
100.000 461.649 356.811
100.000 60.789 355.077
100.000 437.206 354.906
100.000 262.474 350.914
100.000 374.069 349.556
100.000 404.494 347.414
100.000 122.567 346.326
100.000 88.682 344.937
100.000 538.813 343.374
100.000 13.735 343.166
100.000 244.972 338.881
100.000 526.500 333.354
100.000 516.690 329.066
100.000 177.794 330.414
100.000 124.802 328.677
100.000 414.675 328.896
100.000 304.035 325.861
100.000 60.577 326.562
100.000 226.716 322.504
100.000 543.294 320.331
100.000 261.073 319.695
100.000 317.337 311.373
100.000 518.319 309.921
100.000 108.497 304.319
100.000 354.717 289.132
100.000 349.309 274.755
100.000 26.056 284.688
100.000 566.216 277.158
100.000 302.560 287.174
100.000 413.668 282.270
100.000 46.179 272.644
100.000 394.224 265.394
100.000 569.402 284.368
100.000 333.999 252.280
100.000 210.601 252.423
100.000 212.403 247.669
100.000 435.003 251.465
100.000 139.022 249.493
100.000 124.328 248.354
100.000 46.013 244.607
100.000 554.925 211.966
100.000 269.540 219.407
100.000 135.000 264.392
100.000 217.513 215.956
100.000 159.654 216.677
100.000 366.404 212.958
100.000 86.953 216.415
100.000 280.080 206.902
100.000 21.180 203.865
100.000 161.856 203.459
100.000 4.041 203.666
100.000 208.564 201.833
100.000 422.843 187.172
100.000 417.848 198.282
100.000 413.382 190.302
100.000 358.728 199.918
100.000 570.661 196.216
100.000 238.163 192.100
100.000 249.292 187.941
100.000 15.472 170.783
100.000 11.909 184.012
100.000 388.420 186.716
100.000 300.641 180.933
100.000 504.440 179.209
100.000 496.282 188.599
100.000 107.594 178.939
100.000 515.546 171.694
100.000 312.330 173.272
100.000 143.630 162.428
100.000 549.288 166.713
100.000 110.685 161.764
100.000 110.142 149.881
100.000 417.872 159.359
100.000 346.967 153.215
100.000 484.230 154.146
100.000 361.004 153.507
100.000 387.496 149.726
100.000 65.949 150.273
100.000 343.583 161.824
100.000 468.704 144.741
100.000 228.369 143.399
100.000 580.817 142.052
100.000 500.118 141.022
100.000 507.656 133.862
100.000 251.564 135.353
100.000 23.006 185.716
100.000 285.793 135.011
100.000 4.564 130.329
100.000 102.252 116.215
100.000 541.506 107.993
100.000 450.769 105.205
100.000 233.779 96.909
100.000 439.519 96.290
100.000 37.776 96.721
100.000 171.330 89.953
100.000 450.871 92.168
100.000 447.492 596.663
100.000 401.283 79.600
100.000 391.497 79.494
100.000 432.583 78.598
100.000 383.981 78.851
100.000 158.593 73.782
100.000 237.816 69.186
100.000 223.391 59.698
100.000 543.281 58.368
100.000 169.939 53.367
100.000 479.801 46.026
100.000 487.191 49.945
100.000 455.431 54.930
100.000 121.447 594.685
100.000 516.960 39.798
100.000 515.058 47.785
100.000 539.496 38.449
100.000 571.216 35.685
100.000 6.527 591.229
100.000 586.785 44.548
100.000 186.092 50.004
100.000 43.852 39.504
100.000 15.945 589.023
100.000 568.565 583.360
100.000 35.036 577.724
100.000 96.336 82.716
100.000 292.572 547.497
100.000 124.107 569.834
