100.000 35.566 104.930
100.000 338.373 21.704
100.000 316.730 16.232
100.000 585.082 12.814
100.000 422.252 535.006
100.000 221.113 528.615
100.000 293.961 515.150
100.000 74.305 507.669
100.000 566.647 498.822
100.000 123.870 494.164
100.000 254.701 490.673
100.000 205.467 491.432
100.000 350.414 503.371
100.000 267.112 453.072
100.000 178.646 449.593
100.000 57.349 438.578
100.000 40.207 416.621
100.000 226.340 417.934
100.000 493.532 410.885
100.000 108.496 407.373
100.000 285.333 402.387
100.000 4.191 393.012
100.000 251.801 379.805
100.000 197.643 374.101
100.000 267.960 371.509
100.000 541.318 381.079
100.000 353.710 359.484
100.000 429.287 361.916
100.000 448.685 332.317
100.000 107.729 332.401
100.000 161.199 298.327
100.000 208.970 288.287
100.000 296.059 293.903
100.000 447.235 277.866
100.000 35.117 256.013
100.000 174.471 254.126
100.000 448.050 240.373
100.000 45.505 240.858
100.000 520.819 239.135
100.000 318.719 229.294
100.000 457.462 211.997
100.000 347.164 215.738
100.000 295.239 182.380
100.000 444.720 181.109
100.000 156.748 176.784
100.000 320.321 173.429
100.000 178.743 139.307
100.000 362.497 137.998
100.000 548.573 135.239
100.000 88.667 126.343
100.000 394.279 112.863
100.000 298.013 104.037
100.000 212.280 588.840
100.000 480.404 79.256
100.000 306.921 64.509
100.000 2.187 69.238
100.000 256.452 43.901
100.000 505.790 39.522
100.000 217.784 29.221
100.000 254.531 566.957
100.000 321.705 544.759
