100.000 64.392 52.629
100.000 120.503 27.468
100.000 120.842 12.060
100.000 120.618 4.019
100.000 326.380 16.970
100.000 123.903 547.393
100.000 463.338 594.371
100.000 32.124 557.524
100.000 279.682 538.389
100.000 490.975 513.424
100.000 346.607 507.904
100.000 123.379 496.702
100.000 386.665 494.986
100.000 587.822 480.236
100.000 60.980 484.342
100.000 160.956 458.545
100.000 461.948 456.123
100.000 123.607 439.897
100.000 381.916 441.444
100.000 230.737 428.532
100.000 543.612 431.350
100.000 328.736 423.029
100.000 430.024 404.811
100.000 490.353 394.977
100.000 242.447 391.610
100.000 169.136 387.466
100.000 122.957 364.212
100.000 152.532 372.013
100.000 267.412 368.456
100.000 332.150 358.935
100.000 557.324 373.986
100.000 212.496 356.925
100.000 265.803 347.156
100.000 121.967 338.435
100.000 122.057 311.240
100.000 146.846 312.144
100.000 586.479 294.265
100.000 575.120 285.515
100.000 231.617 290.323
100.000 341.718 277.348
100.000 121.700 272.407
100.000 444.453 251.637
100.000 121.874 242.120
100.000 511.333 235.030
100.000 193.185 238.014
100.000 161.182 231.581
100.000 345.786 227.647
100.000 481.124 215.872
100.000 289.948 218.233
100.000 121.337 196.818
100.000 417.411 200.348
100.000 408.071 187.935
100.000 588.605 199.189
100.000 183.877 195.077
100.000 62.818 195.152
100.000 335.850 179.312
100.000 79.567 175.635
100.000 540.557 170.235
100.000 121.138 150.747
100.000 512.735 155.569
100.000 593.247 122.920
100.000 121.424 111.453
100.000 150.667 109.016
100.000 266.202 108.206
100.000 199.872 110.295
100.000 50.047 109.805
100.000 440.876 107.163
100.000 243.769 108.740
100.000 549.256 107.035
100.000 397.997 108.752
100.000 311.425 107.760
100.000 280.754 108.609
100.000 515.981 107.377
100.000 372.258 107.503
100.000 494.299 106.724
100.000 595.230 68.826
100.000 120.526 67.840
100.000 123.226 569.408
100.000 170.535 574.001
100.000 110.350 569.434
100.000 200.252 554.269
100.000 563.266 47.410
100.000 120.203 53.703
100.000 191.248 34.610
