100.000 554.332 73.347
100.000 351.636 82.695
100.000 187.383 54.277
100.000 419.762 41.846
100.000 516.956 24.084
100.000 380.545 21.197
100.000 471.305 13.594
100.000 211.117 8.968
100.000 563.345 536.139
100.000 143.133 596.356
100.000 288.498 510.045
100.000 232.734 505.605
100.000 315.900 504.429
100.000 512.102 502.127
100.000 540.411 462.405
100.000 544.800 492.158
100.000 537.014 479.778
100.000 310.023 483.151
100.000 427.011 468.763
100.000 383.014 449.909
100.000 345.616 447.344
100.000 204.484 447.473
100.000 66.550 438.030
100.000 50.260 444.026
100.000 533.681 423.212
100.000 151.264 428.580
100.000 329.938 417.980
100.000 95.887 424.576
100.000 25.223 428.639
100.000 394.016 426.075
100.000 416.890 421.260
100.000 372.174 419.448
100.000 250.865 414.014
100.000 33.516 398.079
100.000 285.217 400.123
100.000 315.927 396.148
100.000 174.314 394.654
100.000 458.927 365.914
100.000 314.074 374.887
100.000 297.956 353.507
100.000 143.609 306.174
100.000 301.573 316.140
100.000 46.115 296.842
100.000 526.059 294.691
100.000 272.281 277.238
100.000 63.623 261.901
100.000 129.056 244.269
100.000 310.055 242.170
100.000 69.915 240.763
100.000 28.513 236.361
100.000 580.602 214.805
100.000 586.416 202.617
100.000 178.110 212.145
100.000 530.722 194.668
100.000 274.424 189.764
100.000 283.127 182.246
100.000 460.516 177.237
100.000 110.943 173.093
100.000 256.171 162.214
100.000 178.463 157.870
100.000 540.671 148.251
100.000 484.566 143.474
100.000 402.386 132.978
100.000 384.550 118.585
100.000 589.204 118.894
100.000 332.272 111.641
100.000 42.872 109.779
100.000 536.665 106.470
100.000 461.469 103.157
100.000 549.159 96.464
100.000 184.012 596.620
100.000 74.168 567.013
100.000 368.008 80.264
100.000 242.044 87.196
100.000 219.645 83.252
100.000 75.078 66.059
100.000 593.145 59.102
100.000 452.206 568.191
100.000 539.460 557.838
100.000 153.635 40.325
100.000 442.275 37.958
100.000 511.096 557.657
100.000 142.298 554.827
100.000 318.724 20.532
100.000 5.065 24.754
100.000 166.741 554.458
