100.000 422.984 6.480
100.000 551.212 567.273
100.000 84.877 558.309
100.000 502.705 544.914
100.000 483.113 519.470
100.000 491.207 529.997
100.000 37.484 544.001
100.000 90.465 530.230
100.000 97.172 513.216
100.000 149.071 516.191
100.000 464.149 496.603
100.000 473.791 508.185
100.000 34.331 497.960
100.000 377.591 399.274
100.000 447.413 476.484
100.000 421.237 445.546
100.000 402.865 424.497
100.000 85.895 471.496
100.000 99.312 466.983
100.000 454.702 466.997
100.000 45.169 451.155
100.000 32.901 453.280
100.000 86.364 440.074
100.000 275.512 428.975
100.000 458.432 419.400
100.000 211.860 486.046
100.000 574.288 368.309
100.000 65.620 330.323
100.000 147.941 310.945
100.000 554.156 302.329
100.000 424.186 270.411
100.000 550.213 213.666
100.000 44.240 209.923
100.000 191.586 209.753
100.000 185.262 159.597
100.000 157.766 160.776
100.000 52.291 157.625
100.000 597.378 151.799
100.000 6.303 136.363
100.000 223.449 138.393
100.000 316.511 106.941
100.000 578.774 90.552
100.000 43.816 63.831
