100.000 85.656 52.318
100.000 79.806 37.746
100.000 518.386 40.788
100.000 404.688 30.344
100.000 301.440 28.396
100.000 92.879 23.392
100.000 38.601 20.395
100.000 275.664 8.626
100.000 249.018 11.297
100.000 30.941 9.533
100.000 430.750 5.284
100.000 190.140 556.618
100.000 587.462 596.841
100.000 330.428 589.373
100.000 349.400 595.797
100.000 458.725 556.502
100.000 127.308 554.233
100.000 514.952 551.607
100.000 66.771 596.105
100.000 180.823 548.615
100.000 32.360 552.865
100.000 113.900 549.909
100.000 386.110 550.290
100.000 563.836 538.528
100.000 347.100 543.291
100.000 534.938 541.582
100.000 423.715 542.350
100.000 510.834 537.094
100.000 151.286 525.215
100.000 150.643 509.718
100.000 176.860 518.634
100.000 74.683 527.961
100.000 41.122 521.422
100.000 31.619 521.580
100.000 535.628 517.175
100.000 478.342 505.661
100.000 551.701 510.526
100.000 376.923 512.791
100.000 8.089 503.911
100.000 12.637 500.378
100.000 300.018 506.312
100.000 258.304 507.748
100.000 380.019 504.794
100.000 51.289 499.766
100.000 50.864 484.859
100.000 210.763 499.004
100.000 390.873 502.047
100.000 438.185 495.926
100.000 7.460 483.763
100.000 8.900 492.754
100.000 14.107 491.118
100.000 386.247 476.192
100.000 386.436 488.661
100.000 378.404 485.454
100.000 137.722 483.540
100.000 267.970 480.834
100.000 75.464 473.368
100.000 117.672 471.677
100.000 92.565 487.630
100.000 560.195 468.916
100.000 397.293 485.284
100.000 262.430 488.522
100.000 349.526 462.116
100.000 472.074 468.661
100.000 552.713 469.399
100.000 510.514 463.360
100.000 195.479 447.196
100.000 482.672 438.394
100.000 346.656 414.990
100.000 346.373 435.227
100.000 334.110 419.058
100.000 518.841 432.472
100.000 597.324 429.913
100.000 529.496 435.993
100.000 191.958 433.716
100.000 581.803 432.178
100.000 442.628 432.357
100.000 504.365 426.056
100.000 221.419 393.309
100.000 145.914 412.209
100.000 285.104 411.011
100.000 543.604 402.343
100.000 521.859 401.690
100.000 506.634 393.099
100.000 164.498 431.191
100.000 156.231 399.193
100.000 141.031 395.455
100.000 412.557 397.326
100.000 477.329 391.116
100.000 49.040 387.195
100.000 28.129 420.981
100.000 184.164 378.409
100.000 598.487 373.841
100.000 442.054 371.555
100.000 200.275 360.016
100.000 285.401 362.443
100.000 409.328 362.803
100.000 181.796 356.825
100.000 566.513 347.807
100.000 460.615 350.926
100.000 465.298 347.402
100.000 21.636 352.746
100.000 8.101 352.579
100.000 378.550 346.383
100.000 23.642 344.541
100.000 143.345 340.835
100.000 327.658 334.223
100.000 205.177 330.979
100.000 585.294 329.181
100.000 196.145 323.527
100.000 168.467 331.438
100.000 264.430 315.861
100.000 543.010 313.733
100.000 527.004 309.012
100.000 345.123 312.647
100.000 166.195 304.155
100.000 540.247 300.301
100.000 316.003 293.232
100.000 17.372 286.540
100.000 503.006 292.862
100.000 191.295 293.797
100.000 148.036 288.798
100.000 231.767 285.445
100.000 507.092 272.024
100.000 518.218 284.893
100.000 516.537 276.369
100.000 414.117 282.286
100.000 243.190 279.703
100.000 253.555 275.745
100.000 388.670 290.430
100.000 6.289 272.163
100.000 211.120 264.038
100.000 51.771 256.520
100.000 421.512 261.113
100.000 440.628 257.991
100.000 460.431 252.094
100.000 126.429 244.563
100.000 422.297 232.282
100.000 578.384 218.187
100.000 220.963 209.544
100.000 524.460 212.214
100.000 355.976 204.340
100.000 367.267 205.966
100.000 297.776 206.443
100.000 123.676 197.843
100.000 206.876 208.739
100.000 40.457 200.660
100.000 52.430 197.055
100.000 415.519 199.742
100.000 174.538 188.917
100.000 94.940 203.175
100.000 181.983 190.370
100.000 53.786 166.943
100.000 514.812 174.624
100.000 17.166 176.656
100.000 177.112 158.279
100.000 318.790 169.783
100.000 118.684 164.224
100.000 329.868 163.265
100.000 91.399 154.002
100.000 412.040 144.602
100.000 246.430 144.655
100.000 225.292 142.877
100.000 151.902 150.435
100.000 157.460 140.771
100.000 40.224 123.156
100.000 202.708 137.879
100.000 543.267 125.172
100.000 338.430 116.565
100.000 51.034 132.934
100.000 248.499 117.873
100.000 303.951 110.938
100.000 58.861 112.187
100.000 319.011 124.060
100.000 250.440 108.682
100.000 223.235 107.671
100.000 60.704 103.379
100.000 19.990 102.701
100.000 244.949 102.488
100.000 192.529 100.842
100.000 274.398 103.296
100.000 419.469 94.454
100.000 482.591 92.800
100.000 73.370 96.279
100.000 232.559 89.904
100.000 35.974 98.990
100.000 70.753 83.819
100.000 520.177 81.849
100.000 528.085 72.924
100.000 519.326 67.193
100.000 340.058 73.682
100.000 60.749 71.711
100.000 542.115 68.525
100.000 385.604 68.652
100.000 392.245 56.409
100.000 402.286 61.984
100.000 128.248 586.067
100.000 40.142 594.374
100.000 530.138 52.835
100.000 506.959 48.830
100.000 375.490 585.488
100.000 161.799 59.917
100.000 596.349 52.600
100.000 573.804 52.987
100.000 249.382 50.353
100.000 482.680 48.576
100.000 359.276 45.033
100.000 259.031 46.650
100.000 370.319 40.368
100.000 458.458 41.697
100.000 219.417 581.087
100.000 281.631 33.623
100.000 225.846 567.636
100.000 49.531 28.710
100.000 362.911 27.567
100.000 203.278 23.795
100.000 167.839 561.824
100.000 58.482 576.022
100.000 72.263 573.448
100.000 555.441 572.372
100.000 42.084 573.220
