100.000 195.432 194.622
100.000 64.923 45.271
100.000 277.612 51.862
100.000 126.637 37.022
100.000 84.527 32.834
100.000 408.057 22.675
100.000 350.184 16.833
100.000 347.505 13.504
100.000 225.385 9.845
100.000 216.552 4.551
100.000 247.396 571.208
100.000 593.203 596.351
100.000 567.135 585.932
100.000 578.262 597.411
100.000 378.456 591.363
100.000 387.560 585.021
100.000 276.710 595.507
100.000 205.574 593.222
100.000 179.318 564.897
100.000 408.458 568.408
100.000 264.495 568.499
100.000 349.013 578.418
100.000 482.310 561.929
100.000 13.802 555.413
100.000 339.147 558.568
100.000 293.911 568.460
100.000 266.123 552.780
100.000 211.673 551.662
100.000 134.262 547.877
100.000 332.159 545.740
100.000 84.478 540.084
100.000 467.243 538.708
100.000 362.058 532.941
100.000 117.927 579.236
100.000 231.009 520.096
100.000 355.897 513.004
100.000 260.611 511.926
100.000 223.483 501.954
100.000 328.902 496.248
100.000 44.435 490.498
100.000 215.350 496.588
100.000 557.932 492.448
100.000 260.825 487.407
100.000 111.552 491.294
100.000 384.993 486.989
100.000 470.689 487.930
100.000 598.743 491.713
100.000 8.358 476.253
100.000 442.399 476.816
100.000 126.907 493.692
100.000 497.803 465.709
100.000 456.169 459.645
100.000 346.939 463.824
100.000 512.744 461.431
100.000 278.002 460.838
100.000 257.179 433.484
100.000 234.322 419.551
100.000 439.709 449.380
100.000 598.461 435.449
100.000 594.794 426.303
100.000 564.999 430.658
100.000 460.979 420.077
100.000 402.744 433.501
100.000 465.614 404.019
100.000 553.924 429.345
100.000 582.185 425.871
100.000 88.734 418.745
100.000 553.407 420.250
100.000 489.510 434.760
100.000 45.011 414.783
100.000 575.549 411.725
100.000 541.979 410.027
100.000 506.438 403.286
100.000 452.047 399.044
100.000 303.548 455.098
100.000 3.681 396.150
100.000 586.100 397.007
100.000 436.177 388.343
100.000 474.028 383.911
100.000 343.533 448.105
100.000 563.905 381.193
100.000 202.424 376.243
100.000 401.777 368.814
100.000 106.012 367.017
100.000 268.821 360.159
100.000 9.027 362.450
100.000 226.560 361.861
100.000 138.130 357.584
100.000 248.001 352.001
100.000 538.172 348.649
100.000 238.834 346.469
100.000 585.004 347.338
100.000 580.198 344.604
100.000 328.041 346.274
100.000 248.040 342.318
100.000 75.303 340.268
100.000 352.576 339.282
100.000 247.980 325.837
100.000 553.251 326.544
100.000 337.531 314.200
100.000 28.195 324.985
100.000 484.970 316.366
100.000 591.331 317.841
100.000 178.635 305.551
100.000 192.626 300.266
100.000 547.495 313.033
100.000 494.113 312.779
100.000 527.220 309.497
100.000 108.122 308.767
100.000 50.847 303.498
100.000 512.509 300.681
100.000 446.781 304.625
100.000 258.760 291.879
100.000 450.300 284.533
100.000 132.934 288.384
100.000 565.026 282.831
100.000 399.377 266.865
100.000 579.506 273.580
100.000 366.957 271.691
100.000 95.705 267.937
100.000 75.970 266.467
100.000 299.328 261.235
100.000 302.805 251.494
100.000 514.833 260.591
100.000 544.908 246.859
100.000 137.546 252.090
100.000 171.189 251.607
100.000 409.301 243.886
100.000 47.943 247.162
100.000 596.317 240.420
100.000 393.660 242.258
100.000 280.802 240.089
100.000 139.062 234.106
100.000 569.025 238.200
100.000 337.481 237.341
100.000 33.879 232.243
100.000 37.001 238.818
100.000 169.343 231.848
100.000 554.349 221.971
100.000 83.854 224.152
100.000 43.344 219.982
100.000 174.245 220.494
100.000 14.727 595.510
100.000 581.025 205.285
100.000 336.060 207.380
100.000 574.135 192.300
100.000 34.161 191.281
100.000 349.505 194.150
100.000 275.179 174.025
100.000 372.062 180.231
100.000 90.150 179.012
100.000 593.343 169.890
100.000 112.840 169.341
100.000 100.874 164.088
100.000 450.000 158.324
100.000 296.581 165.173
100.000 591.035 161.610
100.000 491.454 155.869
100.000 187.118 156.822
100.000 532.693 157.595
100.000 529.005 152.002
100.000 10.903 146.819
100.000 420.196 152.526
100.000 268.805 164.596
100.000 337.444 151.453
100.000 514.241 152.271
100.000 255.681 208.341
100.000 122.353 197.774
100.000 576.451 148.113
100.000 505.500 140.595
100.000 163.816 142.941
100.000 534.668 134.874
100.000 335.239 129.109
100.000 569.915 120.600
100.000 423.872 129.201
100.000 257.086 127.422
100.000 595.104 112.876
100.000 247.031 125.756
100.000 233.443 119.064
100.000 226.141 111.269
100.000 163.032 114.421
100.000 152.637 111.613
100.000 343.731 109.889
100.000 26.389 111.139
100.000 212.423 109.379
100.000 498.823 109.770
100.000 316.501 106.124
100.000 408.132 105.131
100.000 13.911 95.370
100.000 523.738 126.305
100.000 188.102 89.640
100.000 518.663 85.513
100.000 516.633 79.893
100.000 504.668 79.875
100.000 217.202 61.693
100.000 321.630 79.376
100.000 7.039 80.562
100.000 431.829 73.693
100.000 420.199 70.043
100.000 37.651 72.821
100.000 229.420 72.019
100.000 405.768 66.327
100.000 171.362 62.719
100.000 88.059 64.648
100.000 150.913 54.861
100.000 68.190 51.844
100.000 107.341 594.600
100.000 274.876 580.944
100.000 97.331 41.271
100.000 352.710 56.026
100.000 592.159 42.835
100.000 59.166 581.690
100.000 9.139 31.854
100.000 164.158 580.319
100.000 357.967 29.048
100.000 301.829 31.202
100.000 358.125 578.645
100.000 94.669 48.732
100.000 573.437 567.932
100.000 562.123 578.374
100.000 440.050 576.890
