100.000 157.040 43.090
100.000 515.314 17.580
100.000 461.928 33.177
100.000 499.369 21.570
100.000 320.902 33.702
100.000 2.935 4.600
100.000 29.459 13.948
100.000 369.911 9.114
100.000 214.433 6.552
100.000 179.044 3.612
100.000 517.795 4.842
100.000 563.737 2.733
100.000 274.065 2.509
100.000 52.312 560.568
100.000 395.694 595.867
100.000 296.863 592.405
100.000 356.186 559.594
100.000 435.040 570.058
100.000 475.698 552.782
100.000 399.778 551.499
100.000 129.128 549.367
100.000 125.895 536.021
100.000 136.487 524.453
100.000 306.676 546.553
100.000 185.224 543.229
100.000 577.041 545.274
100.000 230.751 541.318
100.000 236.639 528.407
100.000 455.824 544.459
100.000 270.915 534.451
100.000 110.903 531.857
100.000 485.481 526.485
100.000 442.394 517.937
100.000 181.098 524.177
100.000 581.940 525.606
100.000 26.974 503.804
100.000 1.954 511.156
100.000 574.221 510.363
100.000 383.695 505.324
100.000 542.787 495.694
100.000 586.696 491.762
100.000 36.817 493.227
100.000 220.626 488.904
100.000 543.611 484.014
100.000 513.088 478.934
100.000 507.955 472.801
100.000 128.585 477.958
100.000 386.144 475.218
100.000 478.027 473.435
100.000 357.892 469.283
100.000 331.863 460.599
100.000 190.043 463.820
100.000 180.279 458.451
100.000 550.722 467.824
100.000 119.328 454.210
100.000 447.402 460.304
100.000 523.027 457.375
100.000 186.605 411.965
100.000 403.508 432.081
100.000 295.840 440.453
100.000 306.296 439.149
100.000 108.813 439.554
100.000 57.994 438.571
100.000 66.893 423.687
100.000 484.897 426.266
100.000 388.166 432.296
100.000 535.812 423.862
100.000 397.104 427.520
100.000 32.169 415.716
100.000 137.846 415.973
100.000 326.399 414.415
100.000 389.865 404.765
100.000 410.127 404.035
100.000 370.552 419.952
100.000 253.611 392.736
100.000 25.227 393.337
100.000 142.528 391.842
100.000 220.646 372.902
100.000 373.264 374.025
100.000 516.547 367.997
100.000 236.262 372.817
100.000 554.319 367.285
100.000 400.494 442.701
100.000 251.627 362.838
100.000 491.024 353.739
100.000 313.287 361.862
100.000 47.480 358.006
100.000 469.459 357.356
100.000 173.285 357.017
100.000 589.697 355.216
100.000 264.982 351.727
100.000 191.810 346.428
100.000 142.387 342.962
100.000 568.743 337.972
100.000 271.646 334.332
100.000 274.642 325.428
100.000 261.173 331.759
100.000 267.004 325.805
100.000 38.012 333.001
100.000 510.519 333.151
100.000 594.941 344.744
100.000 457.517 313.925
100.000 579.745 316.764
100.000 415.181 312.183
100.000 23.441 309.230
100.000 272.362 301.082
100.000 66.716 300.804
100.000 364.930 299.199
100.000 339.707 299.842
100.000 435.882 312.400
100.000 132.852 292.377
100.000 262.068 287.655
100.000 5.668 281.347
100.000 525.308 274.630
100.000 362.114 278.497
100.000 176.229 270.878
100.000 211.979 272.576
100.000 397.361 271.022
100.000 456.091 260.732
100.000 486.763 248.577
100.000 99.105 258.478
100.000 597.426 256.284
100.000 222.132 252.990
100.000 313.400 230.374
100.000 311.661 201.473
100.000 329.527 229.579
100.000 460.172 219.381
100.000 313.306 181.202
100.000 158.298 227.239
100.000 438.228 220.448
100.000 34.810 219.069
100.000 77.486 217.909
100.000 46.964 214.930
100.000 110.744 202.761
100.000 179.579 196.369
100.000 84.905 204.083
100.000 429.356 193.064
100.000 357.809 202.524
100.000 203.809 194.000
100.000 225.288 191.015
100.000 330.112 185.388
100.000 136.050 194.684
100.000 558.056 179.755
100.000 218.432 172.479
100.000 583.850 173.835
100.000 592.131 165.293
100.000 78.203 165.840
100.000 286.258 158.273
100.000 497.842 162.543
100.000 186.235 153.233
100.000 51.556 146.720
100.000 18.094 142.513
100.000 596.121 138.061
100.000 312.923 137.699
100.000 390.320 135.320
100.000 533.288 130.943
100.000 295.264 125.144
100.000 256.398 142.339
100.000 265.998 117.985
100.000 498.188 112.225
100.000 380.343 116.209
100.000 559.580 110.415
100.000 365.114 99.942
100.000 251.587 99.608
100.000 480.804 98.413
100.000 353.556 93.984
100.000 108.476 86.403
100.000 572.770 90.041
100.000 2.626 89.326
100.000 196.818 91.454
100.000 212.785 84.424
100.000 356.656 79.591
100.000 15.444 78.398
100.000 584.669 67.882
100.000 515.948 67.542
100.000 3.337 60.811
100.000 305.114 53.199
100.000 479.203 56.494
100.000 29.746 593.849
100.000 323.538 46.481
100.000 244.485 44.843
100.000 543.197 589.003
100.000 557.955 589.831
100.000 493.147 41.996
100.000 597.188 40.042
100.000 512.714 580.741
100.000 344.067 37.639
100.000 471.843 581.291
100.000 185.259 24.468
100.000 187.576 580.100
100.000 46.472 574.443
100.000 396.041 569.111
100.000 127.801 33.472
100.000 149.168 565.969
100.000 541.763 568.595
100.000 488.580 564.549
100.000 107.555 597.136
