100.000 256.973 60.021
100.000 148.748 33.206
100.000 154.212 13.299
100.000 552.044 30.790
100.000 481.420 6.252
100.000 430.257 4.788
100.000 597.390 566.001
100.000 407.507 595.322
100.000 249.801 598.094
100.000 76.126 564.039
100.000 126.714 554.436
100.000 187.189 555.070
100.000 355.519 562.284
100.000 511.104 528.870
100.000 157.518 525.536
100.000 451.639 518.618
100.000 534.255 514.840
100.000 172.266 512.727
100.000 364.747 495.797
100.000 265.592 494.579
100.000 120.759 496.567
100.000 278.355 478.827
100.000 20.785 480.475
100.000 316.153 449.853
100.000 155.602 433.750
100.000 336.384 425.937
100.000 555.791 426.910
100.000 317.565 423.423
100.000 117.635 415.274
100.000 247.346 418.724
100.000 355.820 411.257
100.000 155.309 406.533
100.000 37.137 395.169
100.000 70.663 387.350
100.000 112.258 382.504
100.000 553.460 374.971
100.000 224.751 375.769
100.000 454.204 367.576
100.000 69.446 352.712
100.000 474.639 342.009
100.000 156.312 325.784
100.000 133.380 322.161
100.000 364.361 309.447
100.000 228.881 292.078
100.000 436.166 286.176
100.000 338.880 274.236
100.000 196.544 272.520
100.000 127.193 264.963
100.000 66.006 251.508
100.000 10.657 244.652
100.000 72.617 251.841
100.000 66.384 240.436
100.000 341.614 232.507
100.000 297.391 224.937
100.000 379.617 217.772
100.000 52.298 220.852
100.000 239.754 199.030
100.000 219.205 200.454
100.000 356.366 198.707
100.000 145.632 189.831
100.000 440.206 188.911
100.000 188.060 180.784
100.000 53.712 189.046
100.000 543.976 186.982
100.000 300.602 188.184
100.000 280.862 188.047
100.000 520.605 181.785
100.000 507.182 171.453
100.000 104.885 173.072
100.000 220.947 162.325
100.000 154.218 158.280
100.000 154.132 149.548
100.000 316.346 154.230
100.000 105.654 150.949
100.000 87.223 147.738
100.000 286.491 141.739
100.000 510.603 125.710
100.000 543.740 119.381
100.000 154.088 113.970
100.000 167.989 108.840
100.000 311.216 89.842
100.000 473.194 91.921
100.000 153.884 88.692
100.000 484.628 83.641
100.000 424.666 79.580
100.000 468.961 72.712
100.000 237.997 55.763
100.000 345.909 64.536
100.000 447.760 66.564
100.000 241.028 594.590
100.000 287.987 61.953
100.000 16.594 63.844
100.000 583.277 59.284
100.000 154.233 58.693
100.000 301.917 54.556
100.000 41.335 43.596
100.000 179.089 36.983
100.000 167.310 590.681
100.000 300.589 33.035
100.000 202.734 590.635
100.000 384.804 580.760
100.000 157.289 565.191
