100.000 585.142 35.271
100.000 35.687 34.121
100.000 489.073 20.575
100.000 468.964 16.137
100.000 448.509 13.275
100.000 252.971 17.321
100.000 557.699 12.081
100.000 10.245 8.055
100.000 176.046 6.637
100.000 239.954 4.181
100.000 450.407 573.852
100.000 390.876 598.746
100.000 387.550 592.438
100.000 350.430 598.332
100.000 344.939 575.210
100.000 381.489 571.321
100.000 156.771 571.472
100.000 486.503 567.581
100.000 109.384 564.535
100.000 473.710 566.771
100.000 572.112 563.828
100.000 436.968 561.104
100.000 284.110 560.159
100.000 60.455 560.647
100.000 159.502 557.235
100.000 131.888 555.216
100.000 372.041 548.271
100.000 508.454 550.903
100.000 19.600 544.248
100.000 336.472 542.143
100.000 544.872 536.710
100.000 262.881 537.613
100.000 40.027 538.011
100.000 444.716 538.815
100.000 507.226 534.984
100.000 414.983 533.999
100.000 222.761 531.809
100.000 160.220 524.898
100.000 107.344 520.227
100.000 326.006 521.288
100.000 347.738 518.705
100.000 4.936 522.846
100.000 527.274 510.931
100.000 428.996 514.557
100.000 386.365 513.655
100.000 325.308 505.901
100.000 184.503 508.345
100.000 25.759 508.460
100.000 588.701 500.142
100.000 49.449 502.471
100.000 558.856 500.563
100.000 360.614 498.714
100.000 231.075 493.980
100.000 209.013 497.214
100.000 417.026 494.027
100.000 499.659 491.911
100.000 255.925 487.156
100.000 450.766 482.888
100.000 326.900 483.010
100.000 401.335 484.990
100.000 176.339 481.543
100.000 338.664 475.716
100.000 147.513 469.012
100.000 255.611 471.599
100.000 466.916 470.383
100.000 570.363 469.596
100.000 384.610 467.498
100.000 428.379 459.662
100.000 474.545 458.125
100.000 28.741 457.778
100.000 385.397 455.825
100.000 224.458 456.595
100.000 205.050 454.147
100.000 73.268 450.605
100.000 541.610 445.279
100.000 287.589 442.986
100.000 568.456 437.834
100.000 55.195 439.005
100.000 49.361 436.699
100.000 244.459 435.479
100.000 22.104 431.508
100.000 325.799 426.620
100.000 425.401 427.396
100.000 363.732 423.667
100.000 7.773 421.838
100.000 219.398 420.238
100.000 20.448 413.184
100.000 554.875 410.315
100.000 204.292 415.640
100.000 357.947 403.309
100.000 146.551 401.513
100.000 464.459 402.444
100.000 268.324 428.000
100.000 519.175 397.955
100.000 106.354 396.184
100.000 393.238 393.882
100.000 445.323 388.003
100.000 340.721 387.479
100.000 203.955 385.945
100.000 8.493 382.928
100.000 174.356 382.301
100.000 435.106 380.783
100.000 57.419 379.513
100.000 76.840 379.675
100.000 597.338 367.976
100.000 517.772 364.635
100.000 16.960 367.142
100.000 214.958 366.071
100.000 45.034 358.418
100.000 540.337 361.501
100.000 309.930 359.728
100.000 273.938 356.884
100.000 476.134 353.918
100.000 491.656 354.462
100.000 344.825 349.099
100.000 124.343 345.987
100.000 292.356 337.575
100.000 2.939 343.897
100.000 168.208 340.043
100.000 215.747 338.717
100.000 385.252 336.271
100.000 448.677 328.616
100.000 85.585 342.199
100.000 383.337 329.877
100.000 577.412 328.451
100.000 550.277 327.724
100.000 34.381 325.358
100.000 372.371 325.341
100.000 24.881 319.842
100.000 345.945 317.979
100.000 179.636 316.997
100.000 407.450 316.770
100.000 360.047 317.359
100.000 148.215 315.197
100.000 463.835 307.759
100.000 578.618 302.770
100.000 81.178 305.926
100.000 268.866 306.575
100.000 543.898 299.849
100.000 463.739 294.529
100.000 224.760 295.378
100.000 6.394 289.370
100.000 44.409 293.156
100.000 238.785 287.295
100.000 386.856 284.760
100.000 419.317 279.316
100.000 293.742 282.409
100.000 597.153 276.841
100.000 139.093 272.901
100.000 268.399 269.873
100.000 372.029 267.781
100.000 115.065 265.330
100.000 478.088 264.973
100.000 200.353 256.945
100.000 100.924 250.490
100.000 397.509 252.794
100.000 428.374 249.155
100.000 35.310 245.802
100.000 241.079 247.650
100.000 538.952 240.521
100.000 76.987 247.160
100.000 163.504 241.971
100.000 91.937 248.264
100.000 350.909 237.731
100.000 480.096 230.217
100.000 257.515 229.475
100.000 287.426 231.259
100.000 414.561 221.992
100.000 124.677 220.846
100.000 518.346 217.798
100.000 30.265 208.142
100.000 479.721 203.963
100.000 156.723 199.605
100.000 89.103 199.679
100.000 375.284 194.547
100.000 255.728 199.670
100.000 240.849 191.003
100.000 66.991 189.201
100.000 4.593 188.131
100.000 474.767 184.455
100.000 492.407 177.974
100.000 414.998 196.500
100.000 302.725 181.918
100.000 291.502 182.173
100.000 554.458 181.135
100.000 191.460 176.553
100.000 449.985 170.428
100.000 207.742 173.441
100.000 156.921 164.929
100.000 173.171 162.127
100.000 425.672 157.586
100.000 188.376 158.438
100.000 293.909 156.720
100.000 53.032 157.511
100.000 2.896 152.692
100.000 93.085 148.324
100.000 205.107 147.216
100.000 119.140 141.179
100.000 542.782 137.496
100.000 408.437 133.820
100.000 379.783 137.640
100.000 249.780 136.602
100.000 479.472 131.651
100.000 149.146 133.228
100.000 357.053 124.346
100.000 206.888 122.829
100.000 588.781 122.641
100.000 317.147 120.250
100.000 22.792 119.609
100.000 349.173 104.795
100.000 340.205 110.106
100.000 342.257 104.182
100.000 519.326 101.964
100.000 542.284 100.526
100.000 257.958 97.305
100.000 461.796 93.561
100.000 404.415 92.455
100.000 46.223 90.827
100.000 42.958 84.122
100.000 179.310 88.318
100.000 339.705 83.396
100.000 598.191 77.739
100.000 97.075 76.627
100.000 233.090 71.792
100.000 392.550 74.651
100.000 203.209 69.284
100.000 132.887 68.022
100.000 52.394 70.540
100.000 166.352 64.551
100.000 149.353 57.066
100.000 93.710 52.198
100.000 283.940 52.143
100.000 399.297 51.709
100.000 379.885 41.319
100.000 12.683 39.356
100.000 474.793 594.274
100.000 565.246 38.308
100.000 145.206 38.521
100.000 542.746 36.102
100.000 164.469 594.626
100.000 66.717 588.441
100.000 162.655 23.043
100.000 96.591 30.862
100.000 291.907 594.692
100.000 40.292 591.361
100.000 512.432 589.701
100.000 552.511 578.501
100.000 405.530 576.822
100.000 245.984 576.118
