100.000 372.798 20.598
100.000 403.660 17.009
100.000 438.616 17.274
100.000 375.902 554.273
100.000 288.570 552.643
100.000 309.255 522.663
100.000 22.802 519.679
100.000 124.627 516.913
100.000 254.859 518.885
100.000 499.522 476.813
100.000 104.607 462.890
100.000 307.543 458.380
100.000 150.752 426.223
100.000 290.252 417.304
100.000 565.363 408.150
100.000 131.697 406.548
100.000 205.425 390.041
100.000 329.757 381.869
100.000 545.405 375.316
100.000 396.478 375.130
100.000 4.079 377.441
100.000 572.705 374.154
100.000 191.214 354.539
100.000 136.633 357.667
100.000 582.764 355.702
100.000 258.847 339.599
100.000 469.225 318.245
100.000 534.413 311.382
100.000 575.824 299.486
100.000 490.280 292.866
100.000 141.807 282.643
100.000 12.322 291.071
100.000 391.369 257.686
100.000 181.480 246.851
100.000 305.914 245.296
100.000 88.460 234.696
100.000 104.453 229.332
100.000 556.733 185.017
100.000 471.891 186.136
100.000 265.440 182.095
100.000 517.561 166.869
100.000 64.931 155.213
100.000 439.299 154.073
100.000 576.354 143.598
100.000 132.440 135.873
100.000 442.536 96.114
100.000 369.871 96.415
100.000 47.335 75.317
100.000 442.402 78.460
100.000 581.808 68.763
100.000 212.713 71.961
100.000 150.227 57.032
100.000 181.096 41.714
100.000 510.077 38.782
100.000 23.988 29.326
100.000 309.967 582.225
100.000 509.818 575.436
100.000 157.258 20.624
100.000 101.493 20.095
