100.000 228.211 19.204
100.000 159.665 593.735
100.000 158.660 582.380
100.000 422.286 580.710
100.000 524.435 578.656
100.000 454.069 566.940
100.000 392.512 545.603
100.000 388.642 523.494
100.000 409.902 492.813
100.000 361.595 494.902
100.000 361.248 476.423
100.000 84.341 478.354
100.000 7.480 502.175
100.000 235.674 449.937
100.000 244.272 449.990
100.000 251.645 460.659
100.000 253.483 452.424
100.000 535.256 457.785
100.000 570.776 447.228
100.000 598.222 443.245
100.000 594.463 514.416
100.000 124.180 403.276
100.000 444.304 403.700
100.000 562.697 386.943
100.000 476.133 383.768
100.000 325.343 381.012
100.000 223.271 380.964
100.000 36.342 365.215
100.000 220.651 336.476
100.000 298.006 331.517
100.000 523.729 323.800
100.000 586.574 312.994
100.000 554.338 312.417
100.000 425.378 288.948
100.000 109.242 286.472
100.000 234.532 280.591
100.000 585.328 277.742
100.000 95.499 273.556
100.000 430.887 270.699
100.000 50.048 263.639
100.000 524.226 236.866
100.000 357.271 237.655
100.000 179.541 229.291
100.000 324.843 219.830
100.000 74.993 214.565
100.000 23.308 176.294
100.000 512.030 183.933
100.000 373.614 181.530
100.000 251.226 176.466
100.000 380.409 173.977
100.000 130.576 166.888
100.000 567.403 154.925
100.000 466.485 137.511
100.000 530.792 120.250
100.000 329.212 113.338
100.000 195.083 105.251
100.000 362.320 102.302
100.000 149.326 89.115
100.000 489.786 80.814
100.000 61.185 70.846
100.000 451.446 61.516
100.000 573.216 62.511
100.000 185.437 59.993
100.000 20.060 57.865
100.000 549.837 36.356
100.000 380.308 33.411
100.000 457.075 31.196
100.000 491.692 30.421
100.000 558.380 28.735
