100.000 418.911 23.663
100.000 15.405 4.625
100.000 539.989 4.352
100.000 440.102 581.564
100.000 332.712 568.817
100.000 147.373 557.837
100.000 322.269 553.972
100.000 428.250 554.601
100.000 335.949 555.338
100.000 459.830 549.123
100.000 234.630 552.456
100.000 446.059 550.920
100.000 169.667 546.486
100.000 313.909 537.995
100.000 471.256 537.584
100.000 378.449 532.519
100.000 410.715 542.961
100.000 383.730 510.180
100.000 193.830 508.127
100.000 445.437 484.599
100.000 468.807 483.817
100.000 313.503 473.928
100.000 337.969 472.090
100.000 286.231 469.206
100.000 61.510 468.612
100.000 238.100 456.694
100.000 463.148 438.760
100.000 109.178 440.800
100.000 138.126 427.654
100.000 125.119 428.397
100.000 492.462 424.865
100.000 440.972 429.519
100.000 193.812 419.851
100.000 395.726 414.126
100.000 214.840 413.833
100.000 26.883 406.732
100.000 369.422 400.542
100.000 297.605 400.321
100.000 563.823 398.921
100.000 324.918 390.850
100.000 341.847 391.882
100.000 192.544 388.981
100.000 447.862 391.442
100.000 140.327 375.380
100.000 387.141 373.382
100.000 477.940 367.430
100.000 58.777 350.915
100.000 420.897 363.500
100.000 254.690 356.044
100.000 471.312 352.733
100.000 241.917 322.022
100.000 185.731 314.149
100.000 299.892 307.988
100.000 117.589 300.583
100.000 177.875 295.075
100.000 203.878 292.458
100.000 143.780 290.727
100.000 265.998 283.002
100.000 125.923 269.584
100.000 125.810 279.496
100.000 289.460 277.261
100.000 165.841 276.819
100.000 386.781 269.482
100.000 155.425 248.510
100.000 124.328 244.375
100.000 394.983 232.929
100.000 188.982 230.148
100.000 166.821 213.382
100.000 283.739 214.628
100.000 594.906 212.137
100.000 62.903 232.442
100.000 31.553 183.136
100.000 169.336 182.357
100.000 207.381 165.196
100.000 428.390 155.921
100.000 427.879 139.106
100.000 377.049 128.849
100.000 199.482 123.765
100.000 534.137 111.993
100.000 207.645 107.220
100.000 85.632 96.836
100.000 503.196 77.611
100.000 226.246 74.903
100.000 52.319 64.229
100.000 495.072 50.602
100.000 432.206 51.898
100.000 295.601 582.512
100.000 310.923 570.487
