100.000 478.766 41.566
100.000 175.391 39.048
100.000 288.048 24.706
100.000 25.769 17.164
100.000 433.679 19.447
100.000 300.574 13.797
100.000 234.496 12.141
100.000 96.791 12.583
100.000 316.518 570.427
100.000 6.551 596.986
100.000 38.634 590.073
100.000 371.751 566.099
100.000 143.017 561.992
100.000 491.303 575.826
100.000 478.686 562.253
100.000 464.203 560.342
100.000 183.587 551.306
100.000 40.066 548.143
100.000 58.610 544.262
100.000 290.094 533.104
100.000 101.850 523.981
100.000 146.301 506.758
100.000 465.031 508.622
100.000 435.826 508.909
100.000 232.849 500.862
100.000 12.554 495.679
100.000 578.112 486.200
100.000 41.679 472.647
100.000 84.075 466.972
100.000 471.743 465.032
100.000 128.684 453.422
100.000 294.657 458.019
100.000 213.852 439.130
100.000 533.292 436.995
100.000 437.048 437.579
100.000 63.916 438.423
100.000 359.496 436.734
100.000 209.756 431.097
100.000 480.872 428.829
100.000 398.693 425.801
100.000 454.594 420.140
100.000 43.307 410.679
100.000 480.726 406.542
100.000 510.233 403.279
100.000 363.877 399.859
100.000 62.223 394.908
100.000 213.314 391.126
100.000 258.728 382.256
100.000 582.464 384.274
100.000 232.904 382.075
100.000 533.437 377.781
100.000 389.318 369.642
100.000 112.464 369.733
100.000 11.498 367.674
100.000 493.864 363.488
100.000 43.580 361.602
100.000 159.271 356.791
100.000 438.131 360.662
100.000 410.008 354.860
100.000 333.616 352.187
100.000 97.445 340.304
100.000 206.477 339.033
100.000 4.652 335.919
100.000 478.777 338.214
100.000 549.192 316.012
100.000 31.255 307.906
100.000 526.495 299.369
100.000 487.419 295.939
100.000 467.009 296.201
100.000 270.056 295.377
100.000 428.818 285.993
100.000 87.404 277.112
100.000 460.516 264.949
100.000 420.645 249.706
100.000 18.251 240.287
100.000 41.397 239.575
100.000 497.621 225.830
100.000 76.261 224.489
100.000 125.336 227.152
100.000 15.103 220.035
100.000 464.344 218.621
100.000 340.710 218.000
100.000 440.736 217.412
100.000 509.500 205.474
100.000 422.101 209.718
100.000 127.375 208.486
100.000 100.454 202.321
100.000 36.423 199.410
100.000 259.992 190.170
100.000 110.429 186.496
100.000 332.129 182.369
100.000 519.617 179.544
100.000 445.438 166.508
100.000 423.088 169.602
100.000 49.162 166.449
100.000 28.103 164.253
100.000 68.347 155.787
100.000 540.336 153.190
100.000 186.523 151.864
100.000 314.978 134.771
100.000 515.692 134.464
100.000 530.169 131.990
100.000 218.604 127.021
100.000 395.376 119.994
100.000 161.802 122.849
100.000 366.427 122.159
100.000 356.411 116.963
100.000 137.631 110.612
100.000 235.002 107.096
100.000 260.944 107.567
100.000 556.518 106.015
100.000 518.205 106.330
100.000 348.302 95.972
100.000 337.882 95.293
100.000 103.315 96.006
100.000 43.476 97.322
100.000 307.007 95.038
100.000 498.536 82.582
100.000 69.653 85.579
100.000 105.758 78.382
100.000 208.704 72.009
100.000 151.021 86.125
100.000 397.730 60.581
100.000 597.698 56.676
100.000 479.192 54.712
100.000 433.122 55.636
100.000 563.521 52.624
100.000 202.477 47.728
100.000 80.133 48.781
100.000 510.315 43.593
100.000 279.006 596.776
100.000 48.504 43.037
100.000 146.930 595.950
100.000 150.000 29.680
100.000 530.990 27.265
100.000 189.915 591.868
100.000 92.813 589.828
100.000 517.005 588.236
100.000 370.580 589.732
100.000 334.814 572.694
