100.000 315.377 39.483
100.000 257.015 40.182
100.000 69.504 19.416
100.000 139.222 18.916
100.000 40.450 18.006
100.000 93.252 17.594
100.000 303.905 40.570
100.000 554.366 598.751
100.000 141.386 565.965
100.000 23.262 554.859
100.000 296.408 538.220
100.000 122.888 523.106
100.000 310.007 502.401
100.000 480.321 516.547
100.000 583.114 499.758
100.000 521.499 498.594
100.000 434.296 484.332
100.000 290.834 482.935
100.000 274.170 482.772
100.000 248.961 472.729
100.000 95.719 469.850
100.000 576.116 467.862
100.000 375.205 457.319
100.000 360.377 456.197
100.000 459.516 450.033
100.000 190.624 445.880
100.000 539.518 440.391
100.000 262.435 438.518
100.000 8.200 419.301
100.000 466.845 435.552
100.000 241.847 428.200
100.000 471.166 419.374
100.000 111.765 407.159
100.000 128.220 401.868
100.000 579.819 398.424
100.000 270.229 402.882
100.000 445.041 386.103
100.000 106.387 382.245
100.000 42.359 380.941
100.000 252.717 375.014
100.000 168.788 372.888
100.000 209.337 370.841
100.000 504.976 361.498
100.000 122.429 354.641
100.000 76.484 346.433
100.000 369.137 337.376
100.000 493.230 329.495
100.000 84.912 320.033
100.000 437.488 321.328
100.000 478.117 319.614
100.000 554.341 308.723
100.000 355.879 308.698
100.000 416.485 310.516
100.000 263.967 305.958
100.000 536.410 312.453
100.000 60.996 292.737
100.000 396.672 291.815
100.000 357.662 288.853
100.000 320.489 290.117
100.000 226.585 289.124
100.000 85.714 286.570
100.000 98.403 281.832
100.000 568.995 275.349
100.000 94.828 269.948
100.000 163.653 271.725
100.000 141.958 273.822
100.000 466.417 249.436
100.000 357.205 249.809
100.000 586.982 234.520
100.000 318.846 235.579
100.000 310.122 226.935
100.000 150.766 231.827
100.000 85.088 228.479
100.000 430.161 219.139
100.000 41.266 214.214
100.000 3.668 218.670
100.000 168.046 210.953
100.000 520.804 206.157
100.000 84.161 204.945
100.000 183.030 205.026
100.000 24.880 203.945
100.000 403.383 198.322
100.000 431.118 192.210
100.000 233.675 205.731
100.000 276.019 189.134
100.000 180.311 182.010
100.000 43.474 176.676
100.000 257.699 168.685
100.000 412.949 167.712
100.000 197.534 171.335
100.000 86.849 168.136
100.000 454.221 168.547
100.000 339.213 164.632
100.000 529.754 155.063
100.000 167.644 156.084
100.000 68.472 146.974
100.000 99.011 132.310
100.000 325.651 121.507
100.000 338.666 125.226
100.000 101.814 113.001
100.000 5.831 111.592
100.000 305.092 103.103
100.000 170.502 93.284
100.000 66.470 88.997
100.000 50.006 69.431
100.000 165.736 59.336
100.000 35.233 59.634
100.000 575.426 49.823
100.000 330.623 586.856
100.000 139.468 583.382
100.000 498.820 45.598
100.000 160.980 41.959
100.000 55.251 38.894
100.000 583.255 38.002
100.000 539.820 33.597
100.000 389.462 28.261
100.000 161.093 579.209
100.000 440.927 571.532
100.000 552.756 567.880
100.000 465.301 561.191
