100.000 108.969 43.105
100.000 108.969 63.844
100.000 109.597 19.437
100.000 502.765 102.888
100.000 553.316 39.370
100.000 241.458 25.567
100.000 323.519 24.546
100.000 467.722 10.292
100.000 105.382 538.669
100.000 81.338 519.851
100.000 109.064 498.573
100.000 382.157 487.654
100.000 326.587 480.615
100.000 244.817 481.708
100.000 281.935 479.284
100.000 272.838 471.229
100.000 84.573 480.051
100.000 466.397 474.923
100.000 541.535 488.768
100.000 264.138 478.897
100.000 193.316 479.261
100.000 588.005 477.198
100.000 521.324 476.520
100.000 555.629 477.137
100.000 160.780 479.741
100.000 42.576 459.490
100.000 423.420 458.157
100.000 103.000 445.995
100.000 326.442 451.563
100.000 74.491 437.200
100.000 200.447 438.346
100.000 104.498 368.065
100.000 103.836 404.806
100.000 326.432 404.560
100.000 61.580 402.989
100.000 152.516 395.157
100.000 19.354 391.161
100.000 379.993 376.806
100.000 452.310 368.607
100.000 164.302 353.946
100.000 142.922 360.980
100.000 227.473 350.102
100.000 326.538 351.495
100.000 106.082 242.650
100.000 104.869 338.647
100.000 106.604 214.475
100.000 106.533 194.597
100.000 105.493 306.590
100.000 105.635 276.698
100.000 105.725 265.548
100.000 87.049 336.229
100.000 312.206 332.824
100.000 19.770 323.821
100.000 326.058 316.019
100.000 575.284 333.111
100.000 305.823 298.353
100.000 459.463 292.005
100.000 577.652 264.370
100.000 324.702 259.983
100.000 180.627 255.349
100.000 407.185 245.150
100.000 379.936 240.033
100.000 299.113 237.357
100.000 60.229 232.829
100.000 325.128 217.213
100.000 301.433 215.721
100.000 181.717 216.837
100.000 325.656 238.328
100.000 104.899 320.536
100.000 325.359 178.320
100.000 107.019 166.381
100.000 421.694 169.482
100.000 221.712 162.433
100.000 107.288 153.354
100.000 106.924 141.343
100.000 107.615 114.514
100.000 349.976 594.230
100.000 326.546 573.947
100.000 231.088 574.582
100.000 107.873 92.719
100.000 324.754 132.940
100.000 68.614 567.927
100.000 453.344 102.256
100.000 24.920 110.177
100.000 343.263 104.083
100.000 324.920 103.292
100.000 325.360 93.157
100.000 202.088 88.019
100.000 274.550 73.309
100.000 372.267 68.808
100.000 56.669 60.589
100.000 547.079 53.875
100.000 277.258 556.333
100.000 334.920 51.966
100.000 324.884 48.224
100.000 99.186 43.542
100.000 444.934 110.035
100.000 266.166 33.694
100.000 395.857 29.875
100.000 237.080 29.364
100.000 587.688 551.180
100.000 327.540 550.316
