100.000 327.564 22.866
100.000 531.861 587.465
100.000 44.169 584.827
100.000 91.549 581.580
100.000 389.171 566.035
100.000 578.219 554.654
100.000 242.283 546.452
100.000 293.807 514.125
100.000 275.622 518.461
100.000 523.447 502.515
100.000 333.580 504.372
100.000 385.277 499.731
100.000 584.198 496.351
100.000 508.339 442.618
100.000 396.445 421.352
100.000 433.085 412.376
100.000 548.297 403.998
100.000 494.699 363.308
100.000 79.475 340.303
100.000 101.621 334.313
100.000 581.641 325.687
100.000 422.946 309.887
100.000 301.226 290.128
100.000 18.482 230.824
100.000 187.511 189.308
100.000 365.967 182.961
100.000 123.647 176.354
100.000 109.839 171.973
100.000 271.469 161.153
100.000 498.672 160.360
100.000 426.593 137.133
100.000 338.906 64.484
100.000 41.847 61.401
100.000 101.613 28.961
