100.000 14.656 19.617
100.000 408.225 15.660
100.000 441.122 3.822
100.000 239.789 567.992
100.000 31.547 594.420
100.000 37.722 559.352
100.000 488.501 546.628
100.000 366.033 525.231
100.000 366.292 505.930
100.000 198.689 501.361
100.000 392.056 501.281
100.000 283.902 480.043
100.000 65.308 474.171
100.000 15.504 479.374
100.000 566.900 447.748
100.000 292.107 433.600
100.000 429.215 431.752
100.000 428.625 418.152
100.000 8.606 405.586
100.000 11.424 381.049
100.000 348.353 371.109
100.000 293.787 370.555
100.000 248.082 350.006
100.000 528.306 343.596
100.000 428.883 347.191
100.000 406.392 339.766
100.000 186.260 335.290
100.000 187.400 321.122
100.000 312.423 329.593
100.000 250.306 331.750
100.000 526.386 326.138
100.000 138.132 318.374
100.000 52.495 303.205
100.000 175.709 308.883
100.000 350.705 279.271
100.000 203.443 276.197
100.000 177.097 270.150
100.000 450.971 258.414
100.000 344.565 227.656
100.000 34.636 228.150
100.000 458.487 218.037
100.000 347.796 173.785
100.000 172.238 173.812
100.000 28.482 169.318
100.000 491.602 123.053
100.000 187.921 106.067
100.000 566.688 97.552
100.000 405.392 89.811
100.000 447.615 87.187
100.000 485.192 81.808
100.000 39.022 78.703
100.000 138.342 87.841
100.000 110.840 56.256
100.000 301.339 48.216
100.000 150.845 41.678
100.000 240.308 585.839
100.000 79.470 586.936
