100.000 491.401 38.624
100.000 435.974 32.390
100.000 385.046 34.277
100.000 363.604 29.314
100.000 552.887 20.135
100.000 143.185 9.619
100.000 430.382 15.004
100.000 325.743 14.177
100.000 382.672 12.149
100.000 112.404 4.682
100.000 587.462 3.081
100.000 593.904 6.726
100.000 598.920 3.827
100.000 441.201 569.730
100.000 540.378 597.588
100.000 341.542 587.285
100.000 112.359 571.327
100.000 227.580 565.268
100.000 446.004 555.648
100.000 294.737 554.697
100.000 267.385 557.030
100.000 23.836 553.117
100.000 551.649 548.958
100.000 498.026 549.862
100.000 238.841 573.725
100.000 81.195 546.360
100.000 399.736 542.321
100.000 375.676 534.398
100.000 408.088 534.916
100.000 4.466 552.250
100.000 225.090 528.204
100.000 83.521 526.859
100.000 469.006 526.955
100.000 263.622 526.901
100.000 272.639 524.179
100.000 394.932 523.822
100.000 480.549 522.530
100.000 254.826 516.273
100.000 254.636 507.568
100.000 274.046 511.017
100.000 596.447 510.965
100.000 23.163 513.670
100.000 569.871 500.427
100.000 456.104 508.663
100.000 450.051 507.535
100.000 168.932 505.109
100.000 518.607 504.594
100.000 541.950 499.224
100.000 465.760 504.682
100.000 410.848 499.475
100.000 115.288 497.128
100.000 375.532 499.470
100.000 486.971 498.479
100.000 347.930 493.293
100.000 394.721 489.769
100.000 541.588 480.995
100.000 147.622 480.126
100.000 228.879 465.611
100.000 301.107 455.104
100.000 383.410 468.626
100.000 91.978 446.606
100.000 67.671 445.244
100.000 55.252 444.771
100.000 397.930 443.102
100.000 473.425 427.336
100.000 407.754 425.872
100.000 421.196 407.270
100.000 349.311 424.387
100.000 39.868 422.727
100.000 488.997 409.634
100.000 550.709 414.501
100.000 55.772 410.066
100.000 238.482 411.759
100.000 342.840 403.016
100.000 370.740 407.723
100.000 235.551 383.594
100.000 579.684 398.401
100.000 133.475 383.997
100.000 324.598 381.893
100.000 109.436 386.211
100.000 440.162 375.230
100.000 426.411 375.156
100.000 335.175 369.364
100.000 576.664 370.736
100.000 379.929 372.297
100.000 373.160 372.120
100.000 262.128 362.411
100.000 524.628 354.085
100.000 274.318 354.014
100.000 501.807 350.211
100.000 554.220 344.183
100.000 113.977 347.392
100.000 213.843 340.134
100.000 200.874 345.876
100.000 361.514 317.185
100.000 577.971 331.586
100.000 447.456 319.494
100.000 22.875 315.474
100.000 550.494 306.819
100.000 5.617 395.678
100.000 142.834 300.988
100.000 405.440 297.705
100.000 57.259 279.071
100.000 512.687 281.800
100.000 174.037 281.535
100.000 25.273 277.765
100.000 215.495 278.371
100.000 595.329 266.878
100.000 594.917 259.094
100.000 554.205 264.820
100.000 323.839 263.630
100.000 70.211 329.245
100.000 145.439 253.617
100.000 494.985 255.279
100.000 344.849 254.905
100.000 44.165 247.865
100.000 561.906 250.214
100.000 78.798 234.953
100.000 392.927 238.881
100.000 567.822 228.711
100.000 381.771 239.062
100.000 533.532 223.806
100.000 521.270 214.544
100.000 452.404 222.431
100.000 184.001 220.881
100.000 219.436 214.875
100.000 489.791 210.417
100.000 360.551 211.944
100.000 543.640 207.521
100.000 571.798 206.505
100.000 581.396 205.091
100.000 588.260 203.002
100.000 501.091 204.701
100.000 320.068 200.605
100.000 166.472 199.113
100.000 474.691 185.447
100.000 429.011 188.692
100.000 359.383 182.356
100.000 391.177 199.665
100.000 95.759 177.787
100.000 299.337 166.831
100.000 276.295 171.949
100.000 477.721 158.805
100.000 327.968 154.305
100.000 557.042 154.130
100.000 23.986 150.769
100.000 419.959 146.322
100.000 399.671 143.940
100.000 593.456 140.748
100.000 255.998 140.932
100.000 559.694 133.122
100.000 103.410 131.243
100.000 391.009 126.957
100.000 494.761 125.412
100.000 159.162 118.927
100.000 145.885 118.181
100.000 123.404 116.158
100.000 187.353 111.036
100.000 132.191 105.466
100.000 126.978 104.204
100.000 484.128 104.601
100.000 76.881 105.303
100.000 64.563 103.387
100.000 429.182 101.954
100.000 38.590 98.678
100.000 259.988 98.532
100.000 580.470 101.177
100.000 506.081 90.659
100.000 9.138 84.442
100.000 174.745 80.872
100.000 277.583 75.710
100.000 34.196 69.464
100.000 26.843 59.922
100.000 235.760 63.546
100.000 4.692 59.852
100.000 149.016 60.217
100.000 253.022 56.270
100.000 520.720 597.288
100.000 357.368 43.884
100.000 58.999 42.896
100.000 19.871 39.107
100.000 36.285 38.832
100.000 449.881 566.841
100.000 322.828 592.228
100.000 208.908 594.260
100.000 121.711 593.033
100.000 471.759 590.423
100.000 298.156 575.219
100.000 528.335 577.822
100.000 330.465 580.095
100.000 369.647 577.891
100.000 591.258 573.364
100.000 378.780 562.698
